963584721152937846874621395639218457785496132241375968316859274428763519597142683
156938427427156938398472561534689712869217354712543896243891675675324189981765243
132479586875361942964582371513796428629845713748213659251634897397158264486927135
625384971843179526719526384392861745457932168168745293936457812281693457574218639
142579683853461972967382541514793826638245719729816435271654398385927164496138257
619482753358197462724536198473921586562874319981365274136748925295613847847259631
341872596569314287278965143982456731157293864634781952723549618496128375815637429
431782569629541783578396124152839647786425931394167258245973816817654392963218475
512347968743698521689251437137564289456982713298713645871425396364879152925136874
123947865847256391965381427214639578376825149598174632431592786682713954759468213
124573698865291374937468251241735869379826145586914723412357986698142537753689412
254397618719468352368512497476981523892735146135246789921674835547823961683159274
324861579768935142915724386491657238657382491283419657576248913139576824842193765
162397854853421697974685231749263518218549763635718429427136985591872346386954172
359168742724395861186274593432689157571432986968517234647951328215843679893726415
635429781489317256712586943897241365326875419154963872948652137573198624261734598
964512837731468925258379416589624371623187594147953682372845169815796243496231758
142536987867921435953487621231674598574892163698315742315249876426758319789163254
931652784485917362726834159894761523167523498253498617642179835579386241318245976
437962815962851473158734926279548361845613297316279584621495738784326159593187642
154689723862371954973524681398217546415896372726453198531942867649738215287165439
954361278162798543873254691247689315516432789389175462428516937795843126631927854
692345187534718962187926534326451879851297643749683251213564798975832416468179325
154297386872631495963548721347826159615479832289153647496312578738965214521784963
743815962219647358865923741984136275351279486672584139498752613136498527527361894
863251479142679583957483261594862137678315924231947856789126345415738692326594718
914286753762539841835147296658971324179423685243658917321864579596712438487395162
126435987837291546954867321241658739579342618683719254312974865498526173765183492
123569478845271396967483251271934865386725149594816723412658937639147582758392614
152397684863241975974856321215439867396578412748612593421963758589724136637185249
189243657326715984547896231213479865978652413465138729634527198752981346891364572
324971568571486293869235174657198432498523716213647859135862947742359681986714325
351846729287319645694725183168534972725198364943267518516483297832971456479652831
981745362352961847764328591827514936195637284436892175279453618618279453543186729
127365489853491276964278351231756894548932617679184523312547968485619732796823145
163425798925867314748931256432756189679182543851349672217698435584213967396574821
836792541147568923925431687584973162713246895692815374259387416368124759471659238
962741385834592761175368294719625843523184976648973152356819427481257639297436518
485126937162397845937584126216973458793845612548612379351768294674239581829451763
145326897836795421927481563294517638653849172718632954489253716371964285562178349
935248761172693458846571293413865972698427315527139684289754136761382549354916827
947365281132897546865241937576483192319752468284619753453128679791536824628974315
693825714258741369714639825389416257546297183127583946935162478861974532472358691
329741568765928431184653972972186345438579216516234897253417689891365724647892153
162785943853496721974321685387259164546137892291864357728643519439518276615972438
654312879913876452827495136742638591165729384398541627286157943471983265539264718
284159736716342958395876124462513897978624513531798642857231469143967285629485371
154673298837259461962481573548926137379814652216735984725198346491367825683542719
623794815149285736857631429496812573378549261512376984984123657261957348735468192
475638192368921754219475386526147938983562471147389625831296547692754813754813269
846391527132587964957624381583279416674138295219465738761953842498712653325846179
375681924619524783248379156527438691963157842184962375731845269492716538856293417
826534719593712468471689235358946127612873954947125683184367592239451876765298341
319574286748629531652138749467392158183756924295841673926487315831265497574913862
543126987697348152812957643351864279764295318289731465438679521125483796976512834
184372965539614278726958134278593641495186723613427589947235816352861497861749352
318792654652184379947356182529863741431279568876415293783641925194527836265938417
842691537975342681163758294639485172528173946714926358496237815257819463381564729
195342876687591342423768159539814627276935481814627593948176235351289764762453918
513628794682497351794531628836159247457362189129874536975286413348715962261943875
872916435569384127134275689346891752925647813781523964453768291218459376697132548
895631274261487395437925168648312957723569481519748623984156732156273849372894516
158436297372591846946872153463718925591264378287953461634125789725389614819647532
142387596867945231953621847271459368386712459594836712415268973629573184738194625
863427951147695382925381467659178234234569718781234596398746125572813649416952873
521893674768514293493672185315728469846951327279346851687435912154289736932167548
623794815149285736857631429496812573378549261512376984984123657261957348735468192
152748396864593271973261458319652784427189635685437912241375869796814523538926147
142785693863491572975326841231864759654179328789532164316247985498653217527918436
375624189981573264246891357413267895659438721827159643162745938794386512538912476
731826495945371826682459173874693251169582734253147968398715642517264389426938517
187624593652389174439157682814795326526831947793462851975216438268943715341578269
538219746962874531174356298283497615741568329695123874329645187857931462416782953
174329658583467192629581437318796245965214783742853961856972314231648579497135826
135748629729635148684291537971582463356914782248376951413859276567123894892467315
918532764427816953653974812895361427276498531341257689782643195534189276169725348
681392574745168392293547861352984716968713425174256938429871653536429187817635249
437659128296184375158327964819536247362748591574912683945861732681273459723495816
237594816695187234184623957952416378843972165761358429479261583516839742328745691
735298461219764835684351279526973184897145623341682597972516348168437952453829716
627483159348159267519726843275618394184937526936542781491875632863291475752364918
231849675957326148648751239786914523194532786523687914475268391319475862862193457
752163984498527136316948752579816243861432597243759861927684315184375629635291478
172539684863241795945786321417928536539167248286354917354612879691873452728495163
394781562265439178781265943132548796679123854548976321913654287826397415457812639
649123587813597462275684193132875649598246371764931258951368724426719835387452916
321597684597846321846213975219378546654129837738654192485962713173485269962731458
963754281874261593125389467456823719319547826287196345632415978541978632798632154
617593842942867513358124796429718365536942178871356924293481657765239481184675239
418637295673925418925841367831564972546279183297183546784312659369458721152796834
863917425129845367754632819487329651392561784615784932931276548276458193548193276
742938516951642873386175249235817964678594132419263758597386421164729385823451697
862951374475863129391247586938716452527489631614532897756198243243675918189324765
651834927479512368328769415135928674746153289892476531967385142214697853583241796
126479583843651972957382461512748639634915827798263145261534798375896214489127356
932864571158729463647135928273941856586372149491658237865293714329417685714586392
132794586856321947947865231214653798395278614768419325421536879579182463683947152
896743152451298673237615948519836724328479516674152389743921865185364297962587431
147829536362514897958367142283956714714238659695471328821643975436795281579182463
132675894875349261946281735519736428623458179784912356251863947367194582498527613
123569487865247391974381265216475839357698142489123576538716924641932758792854613
923581764156749283874632951518476329739215846642893517395168472481927635267354198
132758694847629351956341287513476928689132475724895136261583749375914862498267513
617842395398751264254639781549328617762194853183576429971263548836415972425987136
415237896769845132823619457582964371134578269697123584376452918941386725258791643
895631274261487395437925168648312957723569481519748623984156732156273849372894516
954368721163572984872491653486213597237659148519784236625847319341926875798135462
958643172723185964416972583549831627831726459267594318375418296692357841184269735
821369547547218639936475281762531894153894762498627315374156928619782453285943176
593741682217698435648325179465917823971832564382564917759183246834256791126479358
132485976847691532965723481213847695684359127759216348321574869498162753576938214
976524138145873269328196745594238671837651492261947583689715324753482916412369857
153926487894713625762584391536841279987652134421397856375468912248179563619235748
573841962814269573926357814459726138367185429182934756231478695698512347745693281
124539786873462591965781423216357948358194267497826135531248679682975314749613852
672481593315972648849356721253867914791534862468219375187623459936145287524798136
143689257875432196926157348794268531652913784318574629461825973239741865587396412
143597682876324951952681437214865379635719248789432165327148596498256713561973824
157369482934582761862741593648125379719438256523976814475613928381297645296854137
632458917584971263197362845859246731713589426246713598375194682461827359928635174
635741892479852613128963574284376159597184326361295487943517268752638941816429735
985364127671529348423781965239847516748615293516932874852496731394178652167253489
653489712972516384148273569596748231381625497724391856435167928269854173817932645
713652984965784132284931567648295371357168429129473856892516743431827695576349218
987354612216978345543621978698432751324715869175869423462593187731286594859147236
872459631154683972963721485216834759549217368738596124481362597627945813395178246
137249856942586731856371492723865149514793628698412573265137984479628315381954267
942761358735284196618935742573819264269347581481526973327698415854173629196452837
142536987873291456956847321217358649468729513539614278321975864694182735785463192
142658793853792641976341285514923867628475319739186452261534978395867124487219536
649123587813597462275684193132875649598246371764931258951368724426719835387452916
127435968354689271698712534912347685586291743743856129875963412239174856461528397
815974236439652781627813945264589173981437562753126498546391827192768354378245619
132476598846359271957281463271935684394628157685714329418567932529843716763192845
384629157965781423217345986529863741438157692176492835851936274692574318743218569
154379628986152734732684591261938457378245916495761382549826173813497265627513849
142385796875496321963721845231968457594273618786514932317642589429857163658139274
952184367634297185781356492475832619869571234213649578196428753328765941547913826
318762594467359281925841376839524617271936845546187932184295763653478129792613458
132487965856921347947536281271364598584192673693875412315648729428759136769213854
437891652562743891198256734921584367854637129376912548283475916619328475745169283
516243879798516324342897561935761248824935617167428935251384796483679152679152483
152678943864391752973245681215763894497582136638914527321856479549127368786439215
598463721264178395731295486176984253943512678852637914617359842485726139329841567
952684731136527984847391562694815273271439658583276419718952346369748125425163897
173529486854761923962384751316297548425816397798453162537642819289135674641978235
947625831153487296826391475684513927235974168719862354561249783372158649498736512
167438925824975316539162784952741638678253149413896572286319457345627891791584263
853269417429178365716435892541326789987514236632897154294681573378952641165743928
864375921957821364123496587785649213392157648416238795279584136541963872638712459
381672945974351826562894173643925718895716234127483659216538497738249561459167382
382654179175923468946187325419736852253498716867512943621379584794865231538241697
943156728651728943827934615382675194765419832419382567598241376276593481134867259
284136975769245318153897264891654732432978156675321489916782543528413697347569821
865491723123678594974235681237169458489753162516842379391586247758324916642917835
124379856836451297975682341512738469643915728789246135251863974367194582498527613
378691425914572863652384197843925716596718234721463589485236971237149658169857342
259176843618432597734859261341627985927385416586914732495763128173248659862591374
165873429794562183283419657936254718418637592572981364329145876857326941641798235
123478695874596321965231784512743869649182537738965412256314978391857246487629153
164753298873249561952681473749865312385192647216374985421937856697528134538416729
239581674846379251571264389185746932367952148492813765613498527724135896958627413
358721694641935278729468513584217936163549782297683451435172869912856347876394125
924631587153478926867295341738549162649812735512763498281354679475926813396187254
195847362842536179376219485689451237431728956257963841964372518723185694518694723
936574281827391465154268379782146593569732148413985726695423817271859634348617952
731586429649271583582349176897154632314692857256738941128463795465927318973815264
623718459147956238958423761586172394439865172271349586864531927795284613312697845
957316428618724593243985671425198367879563142361472985184259736592637814736841259
387621459129543876546879123891735264473216985652498731215384697764952318938167542
371649825869521437425783169186935274794216583532478916258364791647192358913857642
713652984965784132284931567648295371357168429129473856892516743431827695576349218
451732869379648512628159743163274958297586431845391276786423195934815627512967384
254396871617458932938712456893265147741839625526147398162974583379581264485623719
847931526163425987952687341679812435518346279234759618321568794786294153495173862
674915238315842679982376514257493186491658723863721945746239851129584367538167492
428631759176529483935487261549173628712846935683295147254918376897362514361754892
174589362953261784862347951219673845387415296546928173628194537495732618731856429
142638957865729341973541286251386479386497512794152638417263895528914763639875124
571269348348175926962843517653417892189532674427698135894751263236984751715326489
954621783123785496867439521518942637742163859639578214491856372386297145275314968
319562784652478319487931526823745691961283457745196832178659243234817965596324178
142635987857921346963487521271368459396254718584179632415792863629843175738516294
186547239275839164943612587421986375637125948598473621359768412764291853812354796
936752481845391627172468395719846253524173869683925174358619742491287536267534918
431769582285431976679285341396148725152673894847592163713826459924357618568914237
927451368164389572853672491571924683439867125682513947748136259216795834395248716
156847392284193675379526148495632781731489256862751934643275819517968423928314567
234865197618729543795314826982153764376248951541976238859631472123497685467582319
162389754953467281874521963319758426285634197746912538598176342421893675637245819
925614378734298615816735924479582136158963247263147859642359781597821463381476592
615748932372915486894362157583691724721483695946527318238176549169254873457839261
123469587865731492974285631216397854357824916489156723531648279692573148748912365
174825639963174852582396174851943726627581493349267581218459367496738215735612948
124573698865291473937468251246735819381629745579814326412356987658947132793182564
152693784863724951974581263231457896486932175597168342315849627628375419749216538
185439627693257148247816593469385712358721964721694835814563279536972481972148356
132597486864321975975864231321749658458632197796158342213475869549286713687913524
123569784865247391974381265217695843359428617486173529532814976691732458748956132
658394217143726985792185463436978152279513648815642379524869731367251894981437526
693824715421579386758163942982635174164798253375241698247986531816357429539412867
152639487873541926964728351215873649396154278487962513521386794648297135739415862
953827461864591237127436985648972513571384692239615748782149356415263879396758124
132675894875349261946281735519736428623458179784912356251863947367194582498527613
142573986853649271976281435514392867629718543738465129261857394397124658485936712
143258796862791453957463281514976832639182547728345619271534968385629174496817325
156798324438625917279314685392456871541987263867132549723561498984273156615849732
872936514193854627645721398986317452734562981251498736567189243419273865328645179
943687251852491736167325984781564392235918647694273518376149825429856173518732469
175389624942567381863421597519273846426958713387146259734812965658794132291635478
985723614637481952421695378874256193396814527512937846148562739259378461763149285
287913564931654287564728913476582139153497628829361475715846392648239751392175846
862951374475863129391247586938716452527489631614532897756198243243675918189324765
123485796874396521965721834231674958648259317759813462312547689486932175597168243
162497583875321694943568721287143965536972418419856372658239147391784256724615839
943687251852491736167325984781564392235918647694273518376149825429856173518732469
514287693693154872728396514156739248247618359839425761362541987485972136971863425
163428579729356148548791362237914685915867234486235791671549823892173456354682917
846532719519487632327196548453261987162978453798354126675813294231749865984625371
785943612632851974419267358846512739971438526253679481597186243368724195124395867
143569287827431956956287341318794625462815793579326418734152869681943572295678134
793845261846192735125736894958271643471369528632458179567984312289613457314527986
263517498154893672789264513927635841416728359538941267842176935675389124391452786
134256897852749631967381542215837469349615278678924153421573986593168724786492315
157483926934261785826579431245316897683947512719852364561738249498625173372194658
983761254452983671167524938639847125845312796721659483296435817574198362318276549
845163972679425138312879456524631789786942513193587264268714395931258647457396821
695482713143679285827315946276538194381794562954126837412853679769241358538967421
368275914975146328214389675783491562641528739592763481436912857827654193159837246
132598674576342819894716325768925143423681957951473286317264598245839761689157432
928173654365849712147265398412957836836421975579386241781694523253718469694532187
932671854865429371174385296643512987719863542528794163251947638496138725387256419
124395687835476921976821354351748296482569713697132548213654879568917432749283165
152734986863259471974681532315946728486527193729318654231475869598162347647893215
981724365365981274472563189217895643536247918849316527724159836698432751153678492
872639514165874923934251678758923146693415287421786395249567831517398462386142759
785623149263194758419875362874316295132958476956742813547289631398461527621537984
142658793863791254975342681514923867638475912729186435251864379387219546496537128
856291473947358261132647598615824739794135682283769145421986357579413826368572914
652947318497381625831652947289174563174536289365298174928465731713829456546713892
143572986872639451956481237514893672628715349739246815261354798385927164497168523
123647985958321674647895321572964138469138257831752496794513862286479513315286749
962314857134587269578296413847962531651873942329145786285639174793451628416728395
615372849734891526982465731468237195159684273273159468897526314346718952521943687
162598374943271658857364291279846513634159827518723946486912735395487162721635489
471296835852143697369785214536412789947568123128379546284637951693851472715924368
162385947945627381837941256378564192514293678296718534783156429659472813421839765
974356128365821497218497563547913286139682745826745931453278619782169354691534872
872451396143692785965378421489125637217836954536749218328564179691287543754913862
312756894984132657675984231523691478169478523748325169836547912457219386291863745
824561793137294658956378241461723589278945136593186427789652314612439875345817962
125346897837921645946587321251468739378192456469735182512873964684219573793654218
142365987873291456965874231216438579437519628589726314321647895698152743754983162
198756234276438951435129786962384517751962348843517629527641893684293175319875462
814976352592384176376152948428795613631248597957613284743569821285431769169827435
873621495142795683956348721287153946319264857465879132591437268724586319638912574
564728139192534687378196542847219365259463871613875924735982416426351798981647253
537869142984213675162547893625791438849632751713458926478326519396175284251984367
153427896867395241942861357619738425234156789578942163721589634485613972396274518
368542917924176853175983462619735248837264195452819376743698521281457639596321784
518932476927486351643715892754861923186293547392574618269347185871659234435128769
247381596569274183831965472498617235352498617716523948684132759975846321123759864
142697538953184627876523419419268375685371294327459186764932851538716942291845763
829316754761245389435798621256971843173482965948653172382164597694537218517829436
963584721152937846874621395639218457785496132241375968316859274428763519597142683
965321847847965132132487956281546379459173628376892514528614793793258461614739285
165873429794562183283419657936254718418637592572981364329145876857326941641798235
543968172876521349192437658938276415451893267627145983719384526384652791265719834
976325148385417692241968375493681527712534986568279413157846239624793851839152764
123568749876249531954731682512673498648195273739482156281354967365917824497826315
152364987864729351973581624216475893349618275587932146421853769635297418798146532
345279861617483952298516473132867549584921637976345218469738125751692384823154796
829316754761245389435798621256971843173482965948653172382164597694537218517829436
152879436976324518843615972567482391498153267231967854615238749384796125729541683
164395782953728641872641935325487196497216358618953274746832519281579463539164827
651439782847612539392587461918265374523874196476193258284356917139748625765921843
782135496365942871941867325578613249294758163136294587859471632623589714417326958
172384965853691274946725381491856732237149856685237149568913427314572698729468513
957361248846257391123489576489572163375146982612893754538924617264715839791638425
795163824624987513183425967961234758348571692572896341856742139239618475417359286
436851792519742863278396541691537428352684917847129356725918634183465279964273185
852493761769512438431678295578924613923167584146835972294386157685741329317259846
175482693846593271932761584458126739369875412217934856721659348684317925593248167
892463157346175829571928364269814735753296481418537296685742913127359648934681572
467239518153486927892157346675942831328571694914863752239718465581694273746325189
352698471986174253471235986297381645865427139134956728728519364613842597549763812
492756831631284579875391624189463257753128946264579318318642795546937182927815463
364815972971246385852379461138792654546138297297564138483651729615927843729483516
875639241163425897924781536548972163296813475317564928451396782689257314732148659
269154783478936251315728469156289347827341695943567812534612978782495136691873524
162378495875496321943251687724183569539762814618945273296514738357829146481637952
215764398476398152893521467754132986321689574689457213162973845937845621548216739
248569173369721584715438269582376491137294658496185732874613925653942817921857346
835279461964381572127456398219764835578923614643815927452637189381592746796148253
123456789987321456456879312839162547241785693765943821572614938318597264694238175
123586974874391562965427381231675498648219735759834216312748659486953127597162843
984726531126435798735891462893217645472659813561384279619578324257943186348162957
824539761956741238137268594649175382582493176713682945491326857365817429278954613
154268739863579421972341685316425978427896153598137264231654897649783512785912346
982467315135298674764315298493751862517682943628934157341529786259876431876143529
698421753153876294742359186426185937581937642937264815215748369369512478874693521
795241863281736495643859127168392574439517286527468931372185649954623718816974352
972384561134695872865721394356249187217856943498173625741568239623917458589432716
341872596569314287278965143982456731157293864634781952723549618496128375815637429
945317268173628594286459137527943681314286975698175342459861723732594816861732459
123569784865347291974281563216493857357128946489675312532814679691752438748936125
286753149735194682941628375198475263623981754574236891857319426419862537362547918
745236981938174526162859473653781294427593618891642357384915762219367845576428139
945386271132597684867421953674819325519243867283675419396758142721964538458132796
412539876739826451658417923574291638963758214281364795396142587127685349845973162
124597863937648215856231749513786492482913657769425138698374521341852976275169384
256194873147823659398675241964238715572941386831756924785469132429317568613582497
682519374459732861713648295921867543374951682568324719297483156835196427146275938
142398576853761492967245381518432769624579813739186245271654938385917624496823157
184256397327914865956873241492631578613587429578429613761345982245198736839762154
142387956876591432953624781231458697587169324694273518315742869428936175769815243
863721945974356281152984367547269813386175492291438576435817629729643158618592734
132659478864271395957384261246713589391825647578946123419567832623198754785432916
957236841146598327823471596798365412615924738234817965389152674571643289462789153
851793642396482157247516839564921378983674521172358496625837914419265783738149265
981745362352961847764328591827514936195637284436892175279453618618279453543186729
643521987179648523258379164924765831831294756765813249516487392392156478487932615
275683419398142567641795832139576284584219376726834951852467193463951728917328645
713425698546879231892361574258793146967142385134658927689214753475936812321587469
789152364316479258452368917123845796674291835895736421531987642968524173247613589
835462917694817523172593468258971346469328751317654289583746192741289635926135874
437659128296184375158327964819536247362748591574912683945861732681273459723495816
857291346932468751146375298728549613513786429694132587481623975265917834379854162
834219765291765834756348192365487219182693457479521386528934671617852943943176528
395672418286541379147389526461935287523718694879426153918263745732854961654197832
926781345781543629543629187314978256652314798897265413238496571469157832175832964
831492567924756183675831492516379248783214956492685371147528639258963714369147825
186237549942856731375194682827561493619473258534982176268749315753618924491325867
396821754874539261125467839648152973213976485759348126462795318987613542531284697
124396587836527941975481326241653798653978412789214653312745869468139275597862134
852349671963781452174652983238475196415963728796218534687524319529136847341897265
832475691945361278167298453471659832256813947389742165793126584518934726624587319
152487396873691524964325871231548769645973218789216435316754982427869153598132647
834216975691753428725849631256194783917382546348567219169478352573621894482935167
298714563641935782753286194864352971139678425572491836927543618315869247486127359
612798534879354162345612978584976213231485796967123845756849321498231657123567489
628354791397186524154279836236845179475961382981732645563497218819623457742518963
712645983439812756658739241397526814824173569165498372286951437573264198941387625
875349261632175948914286357356894712127653894498721536243518679581967423769432185
492631758753948261861275439316792845927854613584316972175489326648123597239567184
672493581439185267815726943751934826394268175268517439146879352523641798987352614
256174938714983562389526417561842379892357641437691285623715894975438126148269753
841769325763245891925138746214873659586491273379652184438517962692384517157926438
269715348417893652385426197142537869956284713873169524634958271728641935591372486
359712846147586392826934571518463729273198654964275138795821463431659287682347915
123497685864523971975681234216834597358976142497215368531749826642358719789162453
687195234143682579952734816798356142435271698216948357364529781529817463871463925
132769845864325791957481632513846279628917453749532168271653984386194527495278316
854321976162597384973684521548216793617953842239478615395842167726139458481765239
945632781172589364863471925638795412529814637714263859496128573257346198381957246
748392165369514728125876943932147856687235419514689372853461297476923581291758634
123497586864325971975861324231648795487952613596173248312589467659714832748236159
957632481863451297124789653749825316618943725532176948285364179371298564496517832
857369241932471658164582793683257419245196387719834526491723865576948132328615974
735816429892453617416972853684197532157234968923685174541329786379568241268741395
162483957834597261975621483241875396653219748789346125316952874427168539598734612
237496581465871923189253674814729365573648192926135748758362419691584237342917856
132746859574893621698251734943127586265384197817965342481639275729518463356472918
597312864418567392326498175973251648684973521152684937239145786761829453845736219
617439528895216374243857916438791652721568439569342781154623897382974165976185243
832697541164325897975481362219546738653278419748139625391854276486712953527963184
271659843648273951359418762764891235915324678832765419596142387187936524423587196
174825639963174852582396174851943726627581493349267581218459367496738215735612948
543269817296817354781534629675341298829675143314982765432796581967158432158423976
835462917694817523172593468258971346469328751317654289583746192741289635926135874
873261594125749386964385271217856943456193827389427615632914758748532169591678432
152634987873921546964785231315247869649813725728569314237156498491378652586492173
372469581841325697956187234215978463697534812483216975724891356568743129139652748
132698574864752391975341268241937685693185742758264139316429857487513926529876413
625389741148267593793451628837592164256714839419638275584926317372145986961873452
143597682876324951952681437214865379635719248789432165327148596498256713561973824
913285764426379815785146923532968471871432659649751238258693147364817592197524386
194625837652387194738419562287531946361894275945762381479158623526973418813246759
123946785846257931975381624312469578564718392798532416231674859459823167687195243
127684953953217468846935721764852319319476285582193647638549172271368594495721836
134568792862791543975342681513924876628175934749683215251837469386459127497216358
856291473947358261132647598615824739794135682283769145421986357579413826368572914
423658719561972384798341625817465932256139478934287561689724153342516897175893246
945832176823617954716549832687254319351968247294371568572186493439725681168493725
615387429234591876789624153891256734576843291342179568123465987968712345457938612
935476281847291365162358479594823617371965842286147953618739524459612738723584196
162734985439865127578291643316589274984672531257143896845917362623458719791326458
147528639935674812682139457316785294598462371274913586869341725753296148421857963
368725419542391768971684523623857941495163287187942356219578634734216895856439172
123648795854791362967532481512376948648129573739485126271854639385967214496213857
132768495874591263965342781513624879648975132729183546256437918387219654491856327
634582179179643582582917346325496718491875623768321495813759264957264831246138957
124367985836594271975821346412658793683719524759432618261943857347285169598176432
964251378172683495853749261631924587745836912298175643319567824486312759527498136
957632481863451297124789653749825316618943725532176948285364179371298564496517832
176285493935461278842379561469853712281746359753192684618524937527938146394617825
286573914753914628914268753839625471675341892421897365398156247542739186167482539
938527146267814593541639728872956431493271685156483279319762854784195362625348917
952461378173289564846375291385146927629857143714932856497513682561728439238694715
392784165615293847847156392951378426426519738738642951284967513173425689569831274
163425798925867314748931256432756189679182543851349672217698435584213967396574821
489672351532148769716539842341726598958413627267985413125867934893254176674391285
123496785874325961965781423216579348357842196489613257531264879648937512792158634
389714256764528913521369784648152397295837641173946528916475832832691475457283169
527698341184753629693124587952471836476385912831269754718546293369812475245937168
132487596865931247947625831271394685384516729596278314413752968659843172728169453
715943268928176453634852719289637145173584926456219387547328691391465872862791534
912753486675482139843961725268379541437518962159246378394825617721694853586137294
146359287852471936937628451379185624628734195415296378294867513763512849581943762
952184367634297185781356492475832619869571234213649578196428753328765941547913826
134698725826547391975321486719834562542169873683275914267483159358912647491756238
192486753587392146364157892679825431815943627243671589751238964938764215426519378
932867145768514239514932876643728951287195364195643728351479682479286513826351497
123479586874562391965381724217635948489127635536948217341256879698713452752894163
832167594519438627746295183293754816457816932681329745328571469974683251165942378
249176358675398421138425976917632584854719632362584197521843769796251843483967215
836471952124695387975238641719346825682519734543782169361954278497823516258167493
174986325835724691962531847589347216613259784427618953741893562358462179296175438
649832571137456928825971364298347615751629843364518792983264157572193486416785239
158947326632518497947236851286753914491862573573491682724689135815374269369125748
921648573846357192375291864593874621162539487784162359239485716418726935657913248
259176843618432597734859261341627985927385416586914732495763128173248659862591374
152934786864712395973586142521479863739168524486253917247895631395641278618327459
147269853853174692269385471675812934482793516391456728538627149726941385914538267
263987415194532786758461932819346257425719863376825194932678541541293678687154329
125693784864751392937248561213974658476582139589136247341825976698317425752469813
564972831231846579798531462982417653615389247347625918423758196879164325156293784
396425178247819356185673429634587291758192634912346587479231865521968743863754912
146387925973251684825946371752639418619478532384512796291764853567823149438195267
573891462198264573426573918857349126349612857612785349731956284284137695965428731
924751683165389274873462591397124865456893127218675349732918456549236718681547932
615748932372915486894362157583691724721483695946527318238176549169254873457839261
853694217724185639961723485238976541697451823415832976372568194549217368186349752
297436581145798326836521974319642857624875193758319642583267419962184735471953268
853742961964381527172659384316598742745213698289476153697834215528167439431925876
132475698867291453954368271241639587573842916689157342315724869428916735796583124
298516437416378952753492186925681743381724569647953218139265874874139625562847391
937451682162798435854326791528143967613972548749685123491237856386514279275869314
693824715421579386758163942982635174164798253375241698247986531816357429539412867
138462597527983641946751832874319265692845173315627489269574318781236954453198726
731895426684123597925746318849631752162457983357289641478562139596318274213974865
123478695874596321965231784512743869649182537738965412256314978391857246487629153
276839451815476239439215876342658197587921643961347528758194362624783915193562784
815743629734296815629518473487651932961432758253879164378965241596124387142387596
276854931458913276193276584314562897629738415587149623835691742742385169961427358
358291647746385291129647385412569738965738412873124956537916824281473569694852173
132495876856327491974681253243568917681279345795134628317842569469753182528916734
132784596846591273957263481314659827568472319729138654271345968485916732693827145
721658349583497126694123578452981763368745291179362854915236487847519632236874915
487912635213546987965378124534621879198457362726893451359284716841765293672139548
172398456843651297965742381714926835639185742528473169491537628387269514256814973
418735962532946871796182354689521743147863295325497618251379486873654129964218537
814259763652738491379614852425967138183542679967183524736821945291475386548396217
153679482862431975974285361219367548345918627786524193421756839597843216638192754
538697142412385679967214853726541398384962517159873264643129785875436921291758436
847635291153927846926481357274519683538762419619843725362194578781256934495378162
962351847835749621147286395718935462693472158524618973489127536371564289256893714
175389624942567381863421597519273846426958713387146259734812965658794132291635478
684712953392586714157934826821457369745693281936821475418375692573269148269148537
175482693846593271932761584458126739369875412217934856721659348684317925593248167
417369528839125746652748319925837461741956832386412957294683175573291684168574293
395672418286541379147389526461935287523718694879426153918263745732854961654197832
327569148198432567564817239839241756476395821251678394683124975712956483945783612
286513479514697238397248165825769341479321856631485927963152784748936512152874693
927568134854319267136427985582943671671285349349176852498731526265894713713652498
789152364316479258452368917123845796674291835895736421531987642968524173247613589
589614327146732895273895416312568749758943261964127538497256183625381974831479652
965287431132456897847931265573819642684725319291364758319672584428593176756148923
874631592631592847592874613253149786467283159189756324928365471345917268716428935
126593487975284361843671295412865973587139624639742158764918532358426719291357846
479236815683514972521798634246357198198462357735189426954623781362871549817945263
345786219876129534912354876429578163758613492163942758534861927297435681681297345
813645279465729183927831456581296347732458961694317528348162795156974832279583614
965241387874369251123587694419625873286173549357498162641752938592834716738916425
137284695842596371965371284251437968386915427479628153513762849694853712728149536
124539786873462591965781423216357948358194267497826135531248679682975314749613852
136275489847391265952468371321586947465729138789143652213657894594832716678914523
462573891938412576751869423347621985126985347895347612284756139513294768679138254
975681234864723951132495786516342879293817465487956312641278593328569147759134628
871259634569143827342786915295631748613874259487925361954367182126598473738412596
394781562265439178781265943132548796679123854548976321913654287826397415457812639
357248619619537824284619375491862753862753941573194286138925467925476138746381592
824539761973641285165782394518276943237194856496358172681427539752963418349815627
176285493935461278842379561469853712281746359753192684618524937527938146394617825
792468351486315972351927684275189463819643527643572819967831245524796138138254796
173498652685372419492165387934517268516829734827634195358741926769283541241956873
438126975725394681961758324674582139812943567593671842289465713356217498147839256
142536987857294631963871425315428796498167253726359148231645879589712364674983512
935126847261487953874953126689742315153869472427315689598671234342598761716234598
132456897845927361967381425413862759529174638678539142251648973384795216796213584
526873914319426578478591632793142865652738149184659327265917483847365291931284756
961487532834625197752391846216749358589163724473258961695874213148532679327916485
875321964934687521162594783491875236356249817287136495529463178648712359713958642
317569428248713569956428731873152694125946873469387152794835216631274985582691347
368725419542391768971684523623857941495163287187942356219578634734216895856439172
978126453613594827254387196495861732827943561361752984536478219782619345149235678
132457689867291543945368271514723968623189754789546132251634897378915426496872315
385692741947183265162754893279861354518347926436925187891576432623418579754239618
872613549951472386436589721143268975628795134795134268589326417267941853314857692
275438196436195728198762453319247685567981234824356971981623547743519862652874319
