  SAT     0     0     0.0204
  SAT     0     0     0.0161
  SAT     0     0     0.0161
  SAT     0     0     0.0171
  SAT     0     0     0.0161
  SAT     0     0     0.0174
  SAT     0     0     0.0174
  SAT     0     0     0.0209
  SAT     0     0     0.0164
  SAT     0     0     0.0162
  SAT     0     0     0.0161
  SAT     0     0     0.0160
  SAT     0     0     0.0168
  SAT     0     0     0.0176
  SAT     0     0     0.0171
  SAT     0     0     0.0163
  SAT     0     0     0.0216
  SAT     0     0     0.0167
  SAT     0     0     0.0149
  SAT     0     0     0.0163
  SAT     0     0     0.0158
  SAT     0     0     0.0161
  SAT     0     0     0.0160
  SAT     0     0     0.0162
  SAT     0     0     0.0203
  SAT     0     0     0.0152
  SAT     0     0     0.0157
  SAT     0     0     0.0159
  SAT     0     0     0.0167
  SAT     0     0     0.0160
  SAT     0     0     0.0161
  SAT     0     0     0.0164
  SAT     0     0     0.0170
  SAT     0     0     0.0192
  SAT     0     0     0.0151
  SAT     0     0     0.0168
  SAT     0     0     0.0159
  SAT     0     0     0.0168
  SAT     0     0     0.0170
  SAT     0     0     0.0155
  SAT     0     0     0.0168
  SAT     0     0     0.0208
  SAT     0     0     0.0170
  SAT     0     0     0.0157
  SAT     0     0     0.0162
  SAT     0     0     0.0159
  SAT     0     0     0.0165
  SAT     0     0     0.0161
  SAT     0     0     0.0154
  SAT     0     0     0.0168
  SAT     0     0     0.0203
  SAT     0     0     0.0168
  SAT     0     0     0.0168
  SAT     0     0     0.0162
  SAT     0     0     0.0152
  SAT     0     0     0.0152
  SAT     0     0     0.0156
  SAT     0     0     0.0152
  SAT     0     0     0.0153
  SAT     0     0     0.0205
  SAT     0     0     0.0154
  SAT     0     0     0.0158
  SAT     0     0     0.0151
  SAT     0     0     0.0151
  SAT     0     0     0.0159
  SAT     0     0     0.0159
  SAT     0     0     0.0159
  SAT     0     0     0.0151
  SAT     0     0     0.0200
  SAT     0     0     0.0162
  SAT     0     0     0.0161
  SAT     0     0     0.0153
  SAT     0     0     0.0168
  SAT     0     0     0.0163
  SAT     0     0     0.0151
  SAT     0     0     0.0151
  SAT     0     0     0.0208
  SAT     0     0     0.0163
  SAT     0     0     0.0158
  SAT     0     0     0.0169
  SAT     0     0     0.0167
  SAT     0     0     0.0160
  SAT     0     0     0.0157
  SAT     0     0     0.0162
  SAT     0     0     0.0160
  SAT     0     0     0.0209
  SAT     0     0     0.0152
  SAT     0     0     0.0152
  SAT     0     0     0.0155
  SAT     0     0     0.0153
  SAT     0     0     0.0162
  SAT     0     0     0.0168
  SAT     0     0     0.0165
  SAT     0     0     0.0152
  SAT     0     0     0.0190
  SAT     0     0     0.0171
  SAT     0     0     0.0170
  SAT     0     0     0.0152
  SAT     0     0     0.0171
  SAT     0     0     0.0165
  SAT     0     0     0.0153
  SAT     0     0     0.0153
  SAT     0     0     0.0193
  SAT     0     0     0.0171
  SAT     0     0     0.0170
  SAT     0     0     0.0168
  SAT     0     0     0.0166
  SAT     0     0     0.0152
  SAT     0     0     0.0159
  SAT     0     0     0.0166
  SAT     0     0     0.0166
  SAT     0     0     0.0247
  SAT     0     0     0.0162
  SAT     0     0     0.0163
  SAT     0     0     0.0170
  SAT     0     0     0.0158
  SAT     0     0     0.0153
  SAT     0     0     0.0169
  SAT     0     0     0.0171
  SAT     0     0     0.0152
  SAT     0     0     0.0206
  SAT     0     0     0.0169
  SAT     0     0     0.0165
  SAT     0     0     0.0168
  SAT     0     0     0.0159
  SAT     0     0     0.0170
  SAT     0     0     0.0150
  SAT     0     0     0.0156
  SAT     0     0     0.0204
  SAT     0     0     0.0170
  SAT     0     0     0.0154
  SAT     0     0     0.0162
  SAT     0     0     0.0159
  SAT     0     0     0.0151
  SAT     0     0     0.0152
  SAT     0     0     0.0160
  SAT     0     0     0.0170
  SAT     0     0     0.0191
  SAT     0     0     0.0171
  SAT     0     0     0.0154
  SAT     0     0     0.0152
  SAT     0     0     0.0157
  SAT     0     0     0.0164
  SAT     0     0     0.0153
  SAT     0     0     0.0162
  SAT     0     0     0.0158
  SAT     0     0     0.0204
  SAT     0     0     0.0155
  SAT     0     0     0.0163
  SAT     0     0     0.0159
  SAT     0     0     0.0153
  SAT     0     0     0.0154
  SAT     0     0     0.0164
  SAT     0     0     0.0151
  SAT     0     0     0.0213
  SAT     0     0     0.0167
  SAT     0     0     0.0153
  SAT     0     0     0.0172
  SAT     0     0     0.0155
  SAT     0     0     0.0153
  SAT     0     0     0.0158
  SAT     0     0     0.0153
  SAT     0     0     0.0168
  SAT     0     0     0.0204
  SAT     0     0     0.0150
  SAT     0     0     0.0160
  SAT     0     0     0.0169
  SAT     0     0     0.0161
  SAT     0     0     0.0153
  SAT     0     0     0.0167
  SAT     0     0     0.0165
  SAT     0     0     0.0160
  SAT     0     0     0.0197
  SAT     0     0     0.0159
  SAT     0     0     0.0163
  SAT     0     0     0.0151
  SAT     0     0     0.0166
  SAT     0     0     0.0165
  SAT     0     0     0.0152
  SAT     0     0     0.0157
  SAT     0     0     0.0205
  SAT     0     0     0.0165
  SAT     0     0     0.0152
  SAT     0     0     0.0163
  SAT     0     0     0.0151
  SAT     0     0     0.0165
  SAT     0     0     0.0156
  SAT     0     0     0.0155
  SAT     0     0     0.0152
  SAT     0     0     0.0191
  SAT     0     0     0.0149
  SAT     0     0     0.0165
  SAT     0     0     0.0153
  SAT     0     0     0.0164
  SAT     0     0     0.0160
  SAT     0     0     0.0166
  SAT     0     0     0.0166
  SAT     0     0     0.0160
  SAT     0     0     0.0204
  SAT     0     0     0.0171
  SAT     0     0     0.0169
  SAT     0     0     0.0171
  SAT     0     0     0.0152
  SAT     0     0     0.0158
  SAT     0     0     0.0154
  SAT     0     0     0.0154
  SAT     0     0     0.0199
  SAT     0     0     0.0164
  SAT     0     0     0.0161
  SAT     0     0     0.0170
  SAT     0     0     0.0157
  SAT     0     0     0.0168
  SAT     0     0     0.0162
  SAT     0     0     0.0162
  SAT     0     0     0.0151
  SAT     0     0     0.0206
  SAT     0     0     0.0153
  SAT     0     0     0.0169
  SAT     0     0     0.0168
  SAT     0     0     0.0152
  SAT     0     0     0.0150
  SAT     0     0     0.0154
  SAT     0     0     0.0161
  SAT     0     0     0.0152
  SAT     0     0     0.0205
  SAT     0     0     0.0159
  SAT     0     0     0.0163
  SAT     0     0     0.0170
  SAT     0     0     0.0153
  SAT     0     0     0.0164
  SAT     0     0     0.0166
  SAT     0     0     0.0165
  SAT     0     0     0.0203
  SAT     0     0     0.0162
  SAT     0     0     0.0155
  SAT     0     0     0.0170
  SAT     0     0     0.0168
  SAT     0     0     0.0161
  SAT     0     0     0.0163
  SAT     0     0     0.0159
  SAT     0     0     0.0166
  SAT     0     0     0.0189
  SAT     0     0     0.0153
  SAT     0     0     0.0165
  SAT     0     0     0.0164
  SAT     0     0     0.0154
  SAT     0     0     0.0163
  SAT     0     0     0.0153
  SAT     0     0     0.0152
  SAT     0     0     0.0153
  SAT     0     0     0.0202
  SAT     0     0     0.0155
  SAT     0     0     0.0169
  SAT     0     0     0.0164
  SAT     0     0     0.0164
  SAT     0     0     0.0156
  SAT     0     0     0.0168
  SAT     0     0     0.0158
  SAT     0     0     0.0192
  SAT     0     0     0.0166
  SAT     0     0     0.0152
  SAT     0     0     0.0166
  SAT     0     0     0.0170
  SAT     0     0     0.0161
  SAT     0     0     0.0171
  SAT     0     0     0.0153
  SAT     0     0     0.0167
  SAT     0     0     0.0206
  SAT     0     0     0.0163
  SAT     0     0     0.0158
  SAT     0     0     0.0168
  SAT     0     0     0.0165
  SAT     0     0     0.0162
  SAT     0     0     0.0165
  SAT     0     0     0.0151
  SAT     0     0     0.0210
  SAT     0     0     0.0168
  SAT     0     0     0.0171
  SAT     0     0     0.0163
  SAT     0     0     0.0153
  SAT     0     0     0.0160
  SAT     0     0     0.0158
  SAT     0     0     0.0163
  SAT     0     0     0.0164
  SAT     0     0     0.0210
  SAT     0     0     0.0153
  SAT     0     0     0.0154
  SAT     0     0     0.0164
  SAT     0     0     0.0160
  SAT     0     0     0.0152
  SAT     0     0     0.0171
  SAT     0     0     0.0155
  SAT     0     0     0.0158
  SAT     0     0     0.0191
  SAT     0     0     0.0156
  SAT     0     0     0.0162
  SAT     0     0     0.0163
  SAT     0     0     0.0152
  SAT     0     0     0.0172
  SAT     0     0     0.0154
  SAT     0     0     0.0152
  SAT     0     0     0.0153
  SAT     0     0     0.0199
  SAT     0     0     0.0161
  SAT     0     0     0.0163
  SAT     0     0     0.0162
  SAT     0     0     0.0154
  SAT     0     0     0.0167
  SAT     0     0     0.0150
  SAT     0     0     0.0163
  SAT     0     0     0.0207
  SAT     0     0     0.0153
  SAT     0     0     0.0153
  SAT     0     0     0.0169
  SAT     0     0     0.0164
  SAT     0     0     0.0169
  SAT     0     0     0.0163
  SAT     0     0     0.0159
  SAT     0     0     0.0167
  SAT     0     0     0.0196
  SAT     0     0     0.0167
  SAT     0     0     0.0169
  SAT     0     0     0.0153
  SAT     0     0     0.0160
  SAT     0     0     0.0160
  SAT     0     0     0.0159
  SAT     0     0     0.0152
  SAT     0     0     0.0154
  SAT     0     0     0.0190
  SAT     0     0     0.0159
  SAT     0     0     0.0162
  SAT     0     0     0.0158
  SAT     0     0     0.0160
  SAT     0     0     0.0162
  SAT     0     0     0.0163
  SAT     0     0     0.0152
  SAT     0     0     0.0153
  SAT     0     0     0.0191
  SAT     0     0     0.0155
  SAT     0     0     0.0170
  SAT     0     0     0.0171
  SAT     0     0     0.0160
  SAT     0     0     0.0163
  SAT     0     0     0.0162
  SAT     0     0     0.0164
  SAT     0     0     0.0204
  SAT     0     0     0.0162
  SAT     0     0     0.0157
  SAT     0     0     0.0184
  SAT     0     0     0.0158
  SAT     0     0     0.0162
  SAT     0     0     0.0150
  SAT     0     0     0.0153
  SAT     0     0     0.0163
  SAT     0     0     0.0242
  SAT     0     0     0.0151
  SAT     0     0     0.0171
  SAT     0     0     0.0164
  SAT     0     0     0.0167
  SAT     0     0     0.0169
  SAT     0     0     0.0162
  SAT     0     0     0.0151
  SAT     0     0     0.0158
  SAT     0     0     0.0199
  SAT     0     0     0.0171
  SAT     0     0     0.0158
  SAT     0     0     0.0159
  SAT     0     0     0.0170
  SAT     0     0     0.0157
  SAT     0     0     0.0158
  SAT     0     0     0.0171
  SAT     0     0     0.0204
  SAT     0     0     0.0153
  SAT     0     0     0.0160
  SAT     0     0     0.0153
  SAT     0     0     0.0152
  SAT     0     0     0.0153
  SAT     0     0     0.0170
  SAT     0     0     0.0167
  SAT     0     0     0.0165
  SAT     0     0     0.0189
  SAT     0     0     0.0157
  SAT     0     0     0.0159
  SAT     0     0     0.0161
  SAT     0     0     0.0160
  SAT     0     0     0.0163
  SAT     0     0     0.0160
  SAT     0     0     0.0159
  SAT     0     0     0.0161
  SAT     0     0     0.0208
  SAT     0     0     0.0162
  SAT     0     0     0.0159
  SAT     0     0     0.0151
  SAT     0     0     0.0152
  SAT     0     0     0.0157
  SAT     0     0     0.0169
  SAT     0     0     0.0162
  SAT     0     0     0.0197
  SAT     0     0     0.0168
  SAT     0     0     0.0156
  SAT     0     0     0.0155
  SAT     0     0     0.0155
  SAT     0     0     0.0161
  SAT     0     0     0.0154
  SAT     0     0     0.0171
  SAT     0     0     0.0166
  SAT     0     0     0.0209
  SAT     0     0     0.0150
  SAT     0     0     0.0163
  SAT     0     0     0.0151
  SAT     0     0     0.0152
  SAT     0     0     0.0170
  SAT     0     0     0.0153
  SAT     0     0     0.0161
  SAT     0     0     0.0166
  SAT     0     0     0.0198
  SAT     0     0     0.0163
  SAT     0     0     0.0158
  SAT     0     0     0.0158
  SAT     0     0     0.0155
  SAT     0     0     0.0170
  SAT     0     0     0.0163
  SAT     0     0     0.0171
  SAT     0     0     0.0210
  SAT     0     0     0.0169
  SAT     0     0     0.0154
  SAT     0     0     0.0169
  SAT     0     0     0.0169
  SAT     0     0     0.0165
  SAT     0     0     0.0164
  SAT     0     0     0.0171
  SAT     0     0     0.0165
  SAT     0     0     0.0192
  SAT     0     0     0.0155
  SAT     0     0     0.0159
  SAT     0     0     0.0159
  SAT     0     0     0.0152
  SAT     0     0     0.0162
  SAT     0     0     0.0164
  SAT     0     0     0.0162
  SAT     0     0     0.0165
  SAT     0     0     0.0188
  SAT     0     0     0.0171
  SAT     0     0     0.0151
  SAT     0     0     0.0155
  SAT     0     0     0.0160
  SAT     0     0     0.0170
  SAT     0     0     0.0161
  SAT     0     0     0.0167
  SAT     0     0     0.0198
  SAT     0     0     0.0161
  SAT     0     0     0.0164
  SAT     0     0     0.0171
  SAT     0     0     0.0154
  SAT     0     0     0.0151
  SAT     0     0     0.0166
  SAT     0     0     0.0153
  SAT     0     0     0.0159
  SAT     0     0     0.0206
  SAT     0     0     0.0160
  SAT     0     0     0.0163
  SAT     0     0     0.0165
  SAT     0     0     0.0164
  SAT     0     0     0.0168
  SAT     0     0     0.0161
  SAT     0     0     0.0156
  SAT     0     0     0.0159
  SAT     0     0     0.0190
  SAT     0     0     0.0165
  SAT     0     0     0.0169
  SAT     0     0     0.0159
  SAT     0     0     0.0157
  SAT     0     0     0.0152
  SAT     0     0     0.0156
  SAT     0     0     0.0165
  SAT     0     0     0.0209
  SAT     0     0     0.0157
  SAT     0     0     0.0169
  SAT     0     0     0.0158
  SAT     0     0     0.0162
  SAT     0     0     0.0161
  SAT     0     0     0.0157
  SAT     0     0     0.0152
  SAT     0     0     0.0155
  SAT     0     0     0.0208
  SAT     0     0     0.0168
  SAT     0     0     0.0167
  SAT     0     0     0.0158
  SAT     0     0     0.0153
  SAT     0     0     0.0159
  SAT     0     0     0.0164
  SAT     0     0     0.0160
  SAT     0     0     0.0170
  SAT     0     0     0.0201
  SAT     0     0     0.0165
  SAT     0     0     0.0165
  SAT     0     0     0.0163
  SAT     0     0     0.0169
  SAT     0     0     0.0158
  SAT     0     0     0.0167
  SAT     0     0     0.0161
  SAT     0     0     0.0198
  SAT     0     0     0.0177
  SAT     0     0     0.0170
  SAT     0     0     0.0169
  SAT     0     0     0.0157
  SAT     0     0     0.0160
  SAT     0     0     0.0154
  SAT     0     0     0.0167
  SAT     0     0     0.0162
  SAT     0     0     0.0241
  SAT     0     0     0.0151
  SAT     0     0     0.0159
  SAT     0     0     0.0170
  SAT     0     0     0.0164
  SAT     0     0     0.0169
  SAT     0     0     0.0167
  SAT     0     0     0.0154
  SAT     0     0     0.0204
  SAT     0     0     0.0168
  SAT     0     0     0.0163
  SAT     0     0     0.0160
  SAT     0     0     0.0159
  SAT     0     0     0.0152
  SAT     0     0     0.0161
  SAT     0     0     0.0168
  SAT     0     0     0.0167
  SAT     0     0     0.0200
  SAT     0     0     0.0165
  SAT     0     0     0.0154
  SAT     0     0     0.0152
  SAT     0     0     0.0151
  SAT     0     0     0.0170
  SAT     0     0     0.0153
  SAT     0     0     0.0168
  SAT     0     0     0.0163
  SAT     0     0     0.0189
  SAT     0     0     0.0153
  SAT     0     0     0.0165
  SAT     0     0     0.0164
  SAT     0     0     0.0155
  SAT     0     0     0.0159
  SAT     0     0     0.0153
  SAT     0     0     0.0167
  SAT     0     0     0.0193
  SAT     0     0     0.0165
  SAT     0     0     0.0153
  SAT     0     0     0.0163
  SAT     0     0     0.0153
  SAT     0     0     0.0152
  SAT     0     0     0.0152
  SAT     0     0     0.0167
  SAT     0     0     0.0152
  SAT     0     0     0.0192
  SAT     0     0     0.0151
  SAT     0     0     0.0163
  SAT     0     0     0.0171
  SAT     0     0     0.0160
  SAT     0     0     0.0168
  SAT     0     0     0.0159
  SAT     0     0     0.0168
  SAT     0     0     0.0152
  SAT     0     0     0.0190
  SAT     0     0     0.0171
  SAT     0     0     0.0152
  SAT     0     0     0.0166
  SAT     0     0     0.0169
  SAT     0     0     0.0158
  SAT     0     0     0.0161
  SAT     0     0     0.0152
  SAT     0     0     0.0196
  SAT     0     0     0.0157
  SAT     0     0     0.0151
  SAT     0     0     0.0159
  SAT     0     0     0.0153
  SAT     0     0     0.0165
  SAT     0     0     0.0163
  SAT     0     0     0.0167
  SAT     0     0     0.0164
  SAT     0     0     0.0207
  SAT     0     0     0.0152
  SAT     0     0     0.0161
  SAT     0     0     0.0157
  SAT     0     0     0.0151
  SAT     0     0     0.0157
  SAT     0     0     0.0159
  SAT     0     0     0.0161
  SAT     0     0     0.0150
  SAT     0     0     0.0190
  SAT     0     0     0.0167
  SAT     0     0     0.0150
  SAT     0     0     0.0163
  SAT     0     0     0.0168
  SAT     0     0     0.0151
  SAT     0     0     0.0166
  SAT     0     0     0.0165
  SAT     0     0     0.0212
  SAT     0     0     0.0158
  SAT     0     0     0.0158
  SAT     0     0     0.0170
  SAT     0     0     0.0154
  SAT     0     0     0.0162
  SAT     0     0     0.0164
  SAT     0     0     0.0170
  SAT     0     0     0.0155
  SAT     0     0     0.0190
  SAT     0     0     0.0158
  SAT     0     0     0.0169
  SAT     0     0     0.0157
  SAT     0     0     0.0156
  SAT     0     0     0.0166
  SAT     0     0     0.0155
  SAT     0     0     0.0171
  SAT     0     0     0.0169
  SAT     0     0     0.0189
  SAT     0     0     0.0162
  SAT     0     0     0.0164
  SAT     0     0     0.0169
  SAT     0     0     0.0158
  SAT     0     0     0.0154
  SAT     0     0     0.0151
  SAT     0     0     0.0162
  SAT     0     0     0.0199
  SAT     0     0     0.0151
  SAT     0     0     0.0151
  SAT     0     0     0.0163
  SAT     0     0     0.0159
  SAT     0     0     0.0158
  SAT     0     0     0.0158
  SAT     0     0     0.0167
  SAT     0     0     0.0153
  SAT     0     0     0.0202
  SAT     0     0     0.0159
  SAT     0     0     0.0168
  SAT     0     0     0.0164
  SAT     0     0     0.0160
  SAT     0     0     0.0153
  SAT     0     0     0.0158
  SAT     0     0     0.0170
  SAT     0     0     0.0156
  SAT     0     0     0.0191
  SAT     0     0     0.0161
  SAT     0     0     0.0159
  SAT     0     0     0.0152
  SAT     0     0     0.0149
  SAT     0     0     0.0151
  SAT     0     0     0.0159
  SAT     0     0     0.0170
  SAT     0     0     0.0152
  SAT     0     0     0.0188
  SAT     0     0     0.0171
  SAT     0     0     0.0161
  SAT     0     0     0.0158
  SAT     0     0     0.0165
  SAT     0     0     0.0158
  SAT     0     0     0.0153
  SAT     0     0     0.0165
  SAT     0     0     0.0213
  SAT     0     0     0.0151
  SAT     0     0     0.0157
  SAT     0     0     0.0150
  SAT     0     0     0.0154
  SAT     0     0     0.0161
  SAT     0     0     0.0156
  SAT     0     0     0.0168
  SAT     0     0     0.0161
  SAT     0     0     0.0202
  SAT     0     0     0.0160
  SAT     0     0     0.0171
  SAT     0     0     0.0154
  SAT     0     0     0.0166
  SAT     0     0     0.0157
  SAT     0     0     0.0162
  SAT     0     0     0.0159
  SAT     0     0     0.0161
  SAT     0     0     0.0195
  SAT     0     0     0.0152
  SAT     0     0     0.0166
  SAT     0     0     0.0162
  SAT     0     0     0.0157
  SAT     0     0     0.0158
  SAT     0     0     0.0166
  SAT     0     0     0.0161
  SAT     0     0     0.0160
  SAT     0     0     0.0189
  SAT     0     0     0.0152
  SAT     0     0     0.0167
  SAT     0     0     0.0156
  SAT     0     0     0.0161
  SAT     0     0     0.0153
  SAT     0     0     0.0161
  SAT     0     0     0.0171
  SAT     0     0     0.0199
  SAT     0     0     0.0153
  SAT     0     0     0.0152
  SAT     0     0     0.0157
  SAT     0     0     0.0158
  SAT     0     0     0.0170
  SAT     0     0     0.0152
  SAT     0     0     0.0164
  SAT     0     0     0.0158
  SAT     0     0     0.0196
  SAT     0     0     0.0170
  SAT     0     0     0.0162
  SAT     0     0     0.0166
  SAT     0     0     0.0163
  SAT     0     0     0.0165
  SAT     0     0     0.0164
  SAT     0     0     0.0170
  SAT     0     0     0.0160
  SAT     0     0     0.0203
  SAT     0     0     0.0165
  SAT     0     0     0.0150
  SAT     0     0     0.0156
  SAT     0     0     0.0160
  SAT     0     0     0.0164
  SAT     0     0     0.0157
  SAT     0     0     0.0157
  SAT     0     0     0.0202
  SAT     0     0     0.0162
  SAT     0     0     0.0162
  SAT     0     0     0.0166
  SAT     0     0     0.0154
  SAT     0     0     0.0170
  SAT     0     0     0.0166
  SAT     0     0     0.0164
  SAT     0     0     0.0170
  SAT     0     0     0.0197
  SAT     0     0     0.0158
  SAT     0     0     0.0168
  SAT     0     0     0.0162
  SAT     0     0     0.0162
  SAT     0     0     0.0170
  SAT     0     0     0.0159
  SAT     0     0     0.0168
  SAT     0     0     0.0157
  SAT     0     0     0.0208
  SAT     0     0     0.0163
  SAT     0     0     0.0162
  SAT     0     0     0.0157
  SAT     0     0     0.0156
  SAT     0     0     0.0152
  SAT     0     0     0.0151
  SAT     0     0     0.0156
  SAT     0     0     0.0200
  SAT     0     0     0.0168
  SAT     0     0     0.0167
  SAT     0     0     0.0167
  SAT     0     0     0.0152
  SAT     0     0     0.0153
  SAT     0     0     0.0152
  SAT     0     0     0.0172
  SAT     0     0     0.0166
  SAT     0     0     0.0191
  SAT     0     0     0.0156
  SAT     0     0     0.0162
  SAT     0     0     0.0157
  SAT     0     0     0.0154
  SAT     0     0     0.0150
  SAT     0     0     0.0169
  SAT     0     0     0.0170
  SAT     0     0     0.0151
  SAT     0     0     0.0188
  SAT     0     0     0.0165
  SAT     0     0     0.0165
  SAT     0     0     0.0153
  SAT     0     0     0.0160
  SAT     0     0     0.0152
  SAT     0     0     0.0169
  SAT     0     0     0.0152
  SAT     0     0     0.0199
  SAT     0     0     0.0162
  SAT     0     0     0.0169
  SAT     0     0     0.0170
  SAT     0     0     0.0152
  SAT     0     0     0.0157
  SAT     0     0     0.0169
  SAT     0     0     0.0164
  SAT     0     0     0.0162
  SAT     0     0     0.0191
  SAT     0     0     0.0158
  SAT     0     0     0.0159
  SAT     0     0     0.0154
  SAT     0     0     0.0153
  SAT     0     0     0.0148
  SAT     0     0     0.0169
  SAT     0     0     0.0166
  SAT     0     0     0.0163
  SAT     0     0     0.0199
  SAT     0     0     0.0157
  SAT     0     0     0.0169
  SAT     0     0     0.0155
  SAT     0     0     0.0161
  SAT     0     0     0.0161
  SAT     0     0     0.0161
  SAT     0     0     0.0151
  SAT     0     0     0.0197
  SAT     0     0     0.0162
  SAT     0     0     0.0161
  SAT     0     0     0.0164
  SAT     0     0     0.0158
  SAT     0     0     0.0169
  SAT     0     0     0.0168
  SAT     0     0     0.0168
  SAT     0     0     0.0152
  SAT     0     0     0.0207
  SAT     0     0     0.0157
  SAT     0     0     0.0165
  SAT     0     0     0.0168
  SAT     0     0     0.0152
  SAT     0     0     0.0154
  SAT     0     0     0.0170
  SAT     0     0     0.0170
  SAT     0     0     0.0211
  SAT     0     0     0.0166
  SAT     0     0     0.0152
  SAT     0     0     0.0154
  SAT     0     0     0.0168
  SAT     0     0     0.0162
  SAT     0     0     0.0161
  SAT     0     0     0.0167
  SAT     0     0     0.0153
  SAT     0     0     0.0203
  SAT     0     0     0.0160
  SAT     0     0     0.0159
  SAT     0     0     0.0169
  SAT     0     0     0.0151
  SAT     0     0     0.0167
  SAT     0     0     0.0153
  SAT     0     0     0.0161
  SAT     0     0     0.0153
  SAT     0     0     0.0204
  SAT     0     0     0.0152
  SAT     0     0     0.0160
  SAT     0     0     0.0156
  SAT     0     0     0.0159
  SAT     0     0     0.0163
  SAT     0     0     0.0165
  SAT     0     0     0.0150
  SAT     0     0     0.0152
  SAT     0     0     0.0200
  SAT     0     0     0.0160
  SAT     0     0     0.0152
  SAT     0     0     0.0151
  SAT     0     0     0.0164
  SAT     0     0     0.0161
  SAT     0     0     0.0149
  SAT     0     0     0.0171
  SAT     0     0     0.0200
  SAT     0     0     0.0162
  SAT     0     0     0.0151
  SAT     0     0     0.0169
  SAT     0     0     0.0167
  SAT     0     0     0.0166
  SAT     0     0     0.0158
  SAT     0     0     0.0170
  SAT     0     0     0.0169
  SAT     0     0     0.0191
  SAT     0     0     0.0152
  SAT     0     0     0.0166
  SAT     0     0     0.0153
  SAT     0     0     0.0158
  SAT     0     0     0.0169
  SAT     0     0     0.0153
  SAT     0     0     0.0162
  SAT     0     0     0.0198
  SAT     0     0     0.0165
  SAT     0     0     0.0167
  SAT     0     0     0.0161
  SAT     0     0     0.0171
  SAT     0     0     0.0161
  SAT     0     0     0.0164
  SAT     0     0     0.0154
  SAT     0     0     0.0167
  SAT     0     0     0.0200
  SAT     0     0     0.0168
  SAT     0     0     0.0158
  SAT     0     0     0.0151
  SAT     0     0     0.0154
  SAT     0     0     0.0159
  SAT     0     0     0.0164
  SAT     0     0     0.0153
  SAT     0     0     0.0151
  SAT     0     0     0.0191
  SAT     0     0     0.0162
  SAT     0     0     0.0160
  SAT     0     0     0.0157
  SAT     0     0     0.0153
  SAT     0     0     0.0169
  SAT     0     0     0.0152
  SAT     0     0     0.0151
  SAT     0     0     0.0211
  SAT     0     0     0.0170
  SAT     0     0     0.0150
  SAT     0     0     0.0170
  SAT     0     0     0.0169
  SAT     0     0     0.0152
  SAT     0     0     0.0157
  SAT     0     0     0.0153
  SAT     0     0     0.0171
  SAT     0     0     0.0205
  SAT     0     0     0.0166
  SAT     0     0     0.0161
  SAT     0     0     0.0170
  SAT     0     0     0.0150
  SAT     0     0     0.0164
  SAT     0     0     0.0168
  SAT     0     0     0.0166
  SAT     0     0     0.0162
  SAT     0     0     0.0231
  SAT     0     0     0.0164
  SAT     0     0     0.0160
  SAT     0     0     0.0171
  SAT     0     0     0.0162
  SAT     0     0     0.0168
  SAT     0     0     0.0162
  SAT     0     0     0.0171
  SAT     0     0     0.0210
  SAT     0     0     0.0152
  SAT     0     0     0.0159
  SAT     0     0     0.0169
  SAT     0     0     0.0164
  SAT     0     0     0.0171
  SAT     0     0     0.0151
  SAT     0     0     0.0151
  SAT     0     0     0.0159
  SAT     0     0     0.0200
  SAT     0     0     0.0168
  SAT     0     0     0.0160
  SAT     0     0     0.0164
  SAT     0     0     0.0158
  SAT     0     0     0.0169
  SAT     0     0     0.0165
  SAT     0     0     0.0165
  SAT     0     0     0.0190
  SAT     0     0     0.0166
  SAT     0     0     0.0156
  SAT     0     0     0.0165
  SAT     0     0     0.0158
  SAT     0     0     0.0162
  SAT     0     0     0.0163
  SAT     0     0     0.0164
  SAT     0     0     0.0150
  SAT     0     0     0.0196
  SAT     0     0     0.0170
  SAT     0     0     0.0167
  SAT     0     0     0.0151
  SAT     0     0     0.0161
  SAT     0     0     0.0164
  SAT     0     0     0.0153
  SAT     0     0     0.0155
  SAT     0     0     0.0149
  SAT     0     0     0.0201
  SAT     0     0     0.0163
  SAT     0     0     0.0169
  SAT     0     0     0.0163
  SAT     0     0     0.0165
  SAT     0     0     0.0163
  SAT     0     0     0.0152
  SAT     0     0     0.0167
  SAT     0     0     0.0207
  SAT     0     0     0.0161
  SAT     0     0     0.0153
  SAT     0     0     0.0153
  SAT     0     0     0.0169
  SAT     0     0     0.0151
  SAT     0     0     0.0160
  SAT     0     0     0.0168
  SAT     0     0     0.0173
  SAT     0     0     0.0205
  SAT     0     0     0.0154
  SAT     0     0     0.0160
  SAT     0     0     0.0154
  SAT     0     0     0.0172
  SAT     0     0     0.0170
  SAT     0     0     0.0161
  SAT     0     0     0.0154
  SAT     0     0     0.0203
  SAT     0     0     0.0162
  SAT     0     0     0.0169
  SAT     0     0     0.0158
  SAT     0     0     0.0168
  SAT     0     0     0.0166
  SAT     0     0     0.0152
  SAT     0     0     0.0153
  SAT     0     0     0.0159
  SAT     0     0     0.0199
  SAT     0     0     0.0159
  SAT     0     0     0.0152
  SAT     0     0     0.0166
  SAT     0     0     0.0164
  SAT     0     0     0.0170
  SAT     0     0     0.0163
  SAT     0     0     0.0158
  SAT     0     0     0.0152
  SAT     0     0     0.0190
  SAT     0     0     0.0157
  SAT     0     0     0.0155
  SAT     0     0     0.0166
  SAT     0     0     0.0168
