  SAT    12    17     6.9749
  SAT     0     0     6.4063
  SAT    29    57     7.0555
  SAT     0     0     6.4886
  SAT     0     0     6.3856
  SAT    37    48     7.6178
  SAT     0     0     6.1962
  SAT     0     0     6.3235
  SAT     0     0     6.6301
  SAT     7    24     6.6700
  SAT  1174  1185    50.0339
  SAT     0     0     6.4255
  SAT    12    27     6.2284
  SAT    20    35     6.5476
  SAT     0    11     6.4572
  SAT    67    82     8.2868
  SAT     0     0     6.6099
  SAT     0     0     6.1825
  SAT     0     0     6.0641
  SAT     0     0     6.3679
  SAT     0     0     6.3057
  SAT    17    21     6.4780
  SAT   154   189    11.7435
  SAT     0     0     6.2246
  SAT     0     5     5.9903
  SAT   206   212    10.7461
  SAT    21    31     6.9103
  SAT   257   294    16.4839
  SAT     0     0     6.1336
  SAT     0     0     6.2825
  SAT    14    22     6.7926
  SAT     0     0     6.0503
  SAT    16    21     6.4582
  SAT     0     0     6.2837
  SAT   389   391    19.6688
  SAT   547   567    36.4345
  SAT     4     7     6.3987
  SAT    86    93     7.7629
  SAT     0     0     6.3013
  SAT    29    30     6.6007
  SAT  2406  2429   103.2035
  SAT     0     0     6.0543
  SAT     0     0     6.3463
  SAT    27    37     6.7396
  SAT    66   102     8.6523
  SAT   223   241    13.6570
  SAT     0     0     6.3708
  SAT     0     0     6.1256
  SAT   644   663    28.9608
  SAT   126   142     9.4317
  SAT     0     0     6.3997
  SAT     0     0     6.3354
  SAT    29    32     7.2167
  SAT     0     0     6.1622
  SAT    66    80     8.6520
  SAT   172   187    12.9612
  SAT     0     0     6.5615
  SAT     0     0     6.2194
  SAT    94   129     9.1657
  SAT   183   201    13.2104
  SAT   933   936    42.9004
  SAT     0     0     6.1308
  SAT    10    18     6.3514
  SAT     0     0     6.3781
  SAT     0     0     6.2425
  SAT    34    55     7.4084
  SAT     0     0     6.4167
  SAT   115   150     9.4937
  SAT     0     0     6.3953
  SAT     0     0     6.1816
  SAT   335   364    19.3568
  SAT    24    45     6.4876
  SAT    31    52     6.7992
  SAT   646   662    25.2075
  SAT     0     0     6.6013
  SAT     0     0     6.2225
  SAT     0     0     6.1534
  SAT     0     0     6.3216
  SAT   103   114     8.8848
  SAT    10    25     6.5273
  SAT   148   172    13.4696
  SAT   153   161    11.5784
  SAT     0     0     6.3680
  SAT    67   105     8.0661
  SAT     0     0     6.2759
  SAT    15    20     6.8883
  SAT    15    15     6.2304
  SAT     0     0     6.2486
  SAT     1     9     6.3914
  SAT    11    33     6.4401
  SAT    65    83     7.9258
  SAT    44    52     7.9149
  SAT    67    77     8.9719
  SAT     0     0     6.1092
  SAT     0     0     6.4509
  SAT   129   133    10.1439
  SAT    10    19     6.5961
  SAT    28    48     6.8815
  SAT    24    38     7.0642
  SAT     0     0     6.4819
  SAT     0     0     6.0761
  SAT     0     0     6.3078
  SAT    60    76     7.6224
  SAT    29    40     7.1754
  SAT     0     0     6.1591
  SAT     0     0     6.4665
  SAT     0     0     6.1661
  SAT   831   848    30.8492
  SAT   985  1004    46.9567
  SAT     0     0     6.3754
  SAT     9    24     6.8226
  SAT     0     0     6.0227
  SAT   114   121    10.5550
  SAT     0     0     6.4127
  SAT   139   142     9.9693
  SAT     4    11     6.1036
  SAT    16    18     6.4427
  SAT     0     0     6.4150
  SAT    18    20     6.9217
  SAT    39    44     6.9889
  SAT    33    35     7.0881
  SAT    80   105     9.1501
  SAT   528   556    24.5333
  SAT    17    26     6.2541
  SAT    97   108    10.2085
  SAT   340   373    21.6790
  SAT     0     0     6.2698
  SAT    68    84     8.4256
  SAT    29    38     7.4103
  SAT   206   214    13.5812
  SAT    22    31     6.3718
  SAT    57    57     8.1560
  SAT    12    24     6.1456
  SAT   126   131    10.7384
  SAT     0     0     6.4057
  SAT     0     0     6.2768
  SAT    25    33     6.7935
  SAT     0     0     6.1263
  SAT    22    31     6.5670
  SAT    47    63     6.9663
  SAT    24    26     6.7596
  SAT   280   312    16.5503
  SAT     2    25     6.0057
  SAT    49    56     7.4547
  SAT     0     0     6.2005
  SAT   133   141    10.6488
  SAT     0     0     6.2817
  SAT   535   545    22.4109
  SAT   134   147     9.4023
  SAT     0     0     6.3258
  SAT     0     0     6.4298
  SAT    41    56     7.3663
  SAT    18    41     6.2990
  SAT     8    36     6.8556
  SAT     3     6     6.3676
  SAT     0     0     6.1648
  SAT   124   131    10.8577
  SAT   200   202    12.4791
  SAT   103   107    10.1269
  SAT     0     0     5.9285
  SAT     0     0     6.3811
  SAT     0     0     6.1872
  SAT     0     0     6.3620
  SAT   556   577    22.2313
  SAT     0     0     6.1505
  SAT    57    68     7.7137
  SAT    53    58     8.1494
  SAT    28    28     6.8927
  SAT   537   552    27.2560
  SAT     0     0     5.9549
  SAT     0     0     6.1922
  SAT   158   168    11.7945
  SAT    37    56     7.6477
  SAT     0     0     5.9962
  SAT    85   100     8.7767
  SAT    28    30     6.5089
  SAT    11    20     6.2199
  SAT    93   102     8.8270
  SAT   109   121    10.7573
  SAT     0     0     6.0539
  SAT    13    28     6.2128
  SAT   594   604    32.6972
  SAT     0     0     6.1816
  SAT     0     0     6.1227
  SAT     0     0     6.1842
  SAT    46    82     7.2151
  SAT     0     0     6.1639
  SAT    30    35     6.6701
  SAT     0     0     5.8845
  SAT    92    93     8.9682
  SAT  1687  1710    70.5455
  SAT    38    44     6.8167
  SAT    19    38     6.2403
  SAT    11    28     6.1085
  SAT    54    61     7.7663
  SAT     0     0     6.2377
  SAT     8    15     6.2301
  SAT   191   214    11.4477
  SAT   246   261    14.4326
  SAT   371   376    25.4097
  SAT     0     0     6.0288
  SAT     0     0     6.2495
  SAT    32    50     7.0212
  SAT     0     0     6.2858
  SAT     7    10     6.4714
  SAT    76    86     7.6422
  SAT    22    39     6.3835
  SAT   100   126    10.3777
  SAT    18    24     6.5592
  SAT    29    33     6.2400
  SAT     0     0     6.3344
  SAT   135   155    11.9122
  SAT    25    35     6.3875
  SAT    50    53     7.3871
  SAT    53    62     7.3652
  SAT   578   592    26.5438
  SAT    72    87     7.6722
  SAT     0     0     6.3791
  SAT     0     0     6.1403
  SAT    91   108     7.8192
  SAT   429   446    24.3580
  SAT     0     0     5.9829
  SAT     0     0     5.9068
  SAT    11    19     6.3717
  SAT     0     0     6.1598
  SAT    12    24     6.2551
  SAT    28    39     6.9459
  SAT     0     0     6.0447
  SAT    46    58     7.3181
  SAT    25    35     6.6113
  SAT    11    23     6.3880
  SAT    24    46     6.6182
  SAT     0     0     6.1456
  SAT    33    58     6.9338
  SAT    46    74     7.7698
  SAT     0     0     6.2476
  SAT   153   159    11.0246
  SAT     0     0     6.4028
  SAT   217   237    14.2818
  SAT     0    15     6.2295
  SAT     0     0     6.1628
  SAT     0     0     6.3555
  SAT    57    64     7.6707
  SAT    68    78     8.1087
  SAT   270   283    16.4292
  SAT    59    88     8.9461
  SAT     2    29     6.1420
  SAT     0     0     5.9922
  SAT     0     0     6.4513
  SAT    76    88     8.9587
  SAT    19    30     6.6267
  SAT   274   291    15.5284
  SAT     0     0     6.1239
  SAT    79   102     9.2252
  SAT     0     7     6.1085
  SAT    99   104     8.1338
  SAT     0     0     5.9512
  SAT     0     0     6.3020
  SAT   329   335    14.7918
  SAT   452   461    24.8604
  SAT    16    26     6.1761
  SAT   132   154    10.0140
  SAT   146   161     9.6343
  SAT     0     0     6.3935
  SAT     5    18     6.0718
  SAT     0     0     6.0904
  SAT    47    74     6.9612
  SAT    38    40     7.3960
  SAT   283   312    15.8695
  SAT    34    42     6.9299
  SAT     0     0     6.1460
  SAT    22    25     6.3096
  SAT    26    33     6.7206
  SAT     5     7     6.2350
  SAT    18    30     6.4416
  SAT     0     0     6.2169
  SAT   436   444    20.8619
  SAT    23    35     6.9419
  SAT     0     0     6.1703
  SAT    20    39     6.4102
  SAT   107   131    10.3005
  SAT    44    81     7.5449
  SAT   190   197    11.0080
  SAT    23    25     6.6199
  SAT    14    18     6.6883
  SAT     0     0     6.0769
  SAT    29    42     6.4405
  SAT   246   260    16.4718
  SAT    75    90     8.1932
  SAT     0     0     6.1375
  SAT    22    26     6.3428
  SAT    17    21     6.5265
  SAT   747   755    34.8124
  SAT     0     0     5.9927
  SAT     8    10     6.0253
  SAT     0     0     6.1466
  SAT    26    28     6.4058
  SAT     6    25     6.3134
  SAT   136   156    10.1895
  SAT   331   332    20.4230
  SAT    14    22     6.0496
  SAT   199   205    15.4444
  SAT     0     0     5.9427
  SAT    33    41     6.7559
  SAT    27    30     6.4900
  SAT   122   137    10.6283
  SAT    48    62     7.7410
  SAT    14    23     6.2500
  SAT     0     0     6.1410
  SAT    13    21     6.5019
  SAT    62    75     7.9668
  SAT    60    67     8.2723
  SAT     0     0     5.8870
  SAT    77    83     8.0207
  SAT   139   155     9.3123
  SAT     0    35     6.0038
  SAT     0     0     6.1680
  SAT     0     0     6.2848
  SAT    57    61     7.2546
  SAT   141   149     8.9359
  SAT   140   161     9.7139
  SAT   291   294    14.7301
  SAT   384   388    16.9007
  SAT     0     0     6.4581
  SAT   492   509    23.4022
  SAT   190   195    12.6219
  SAT     0    11     5.9004
  SAT    18    30     6.7063
  SAT    57    62     7.3851
  SAT    69    71     7.8140
  SAT   180   186    16.6093
  SAT     0     0     6.3563
  SAT   821   842    35.1013
  SAT     0     0     6.0068
  SAT   311   327    19.1850
  SAT    71    85     7.9331
  SAT    48    51     7.4266
  SAT    11    38     6.6570
  SAT   799   813    27.6403
  SAT    13    24     6.2935
  SAT     0     0     6.3364
  SAT    17    27     6.4064
  SAT     0     0     6.0740
  SAT     0     0     6.3896
  SAT    17    17     6.3367
  SAT     0     0     6.0349
  SAT   174   184    10.5017
  SAT   485   512    24.1654
  SAT     0     0     6.3790
  SAT     0     0     6.2477
  SAT    83   105     8.6806
  SAT    23    26     7.0155
  SAT     0     0     6.1567
  SAT     0     0     6.0314
  SAT    12    27     6.3367
  SAT    24    35     6.3397
  SAT    60    65     7.6677
  SAT     0     0     6.3356
  SAT    75    76     7.4678
  SAT     0     0     6.4633
  SAT    13    37     6.3272
  SAT   173   195    12.5878
  SAT     0     0     6.1568
  SAT     0    26     6.3376
  SAT   165   190    10.9817
  SAT     0     0     6.2816
  SAT     0    28     6.3996
  SAT   192   228    11.6501
  SAT    16    23     6.4059
  SAT    35    48     6.6416
  SAT    72    79     9.0836
  SAT     3     4     6.4122
  SAT     7    10     6.1628
  SAT    34    55     8.2341
  SAT     1    19     6.3786
  SAT     0     0     6.1166
  SAT    85   101     8.4831
  SAT     0     0     6.2954
  SAT     2     2     6.2081
  SAT     0     0     6.5349
  SAT    13    23     6.3818
  SAT     0     0     6.2342
  SAT     0     0     6.0244
  SAT     0     0     6.1346
  SAT    19    30     6.9498
  SAT    25    41     6.5633
  SAT   113   127     8.5573
  SAT   203   215    10.3253
  SAT     0     0     6.5313
  SAT   151   166     9.7496
  SAT   180   212    11.4497
  SAT     6    18     6.5232
  SAT   244   301    17.2857
  SAT    59    85     7.6096
  SAT    14    35     6.3161
  SAT   115   126     9.2243
  SAT    73    98     7.9535
  SAT     0     0     6.3533
  SAT   125   132    10.2361
  SAT   470   502    24.2562
  SAT     0     0     5.9281
  SAT   165   170    10.1976
  SAT    17    26     6.2601
  SAT    22    25     6.5620
  SAT   139   161     8.8843
  SAT   171   188    10.4894
  SAT     0     0     5.9787
  SAT    18    18     6.4812
  SAT    17    42     6.2275
  SAT   203   213    11.5359
  SAT     0     0     6.0428
  SAT    24    59     6.9111
  SAT     3     6     6.0771
  SAT    82    94     8.2450
  SAT   165   170    10.9565
  SAT   145   151    10.6929
  SAT    33    50     7.0785
  SAT    26    29     6.7772
  SAT   199   217    12.0722
  SAT    25    38     6.5675
  SAT    45    48     6.7689
  SAT    51    73     8.3881
  SAT     3     3     6.1735
  SAT   147   174    12.2665
  SAT   148   160     9.3100
  SAT     7    31     5.9900
  SAT   142   160     9.5221
  SAT     0     0     6.3645
  SAT    64    74     7.2084
  SAT    21    27     6.3246
  SAT     7    19     6.5664
  SAT     0     0     6.0328
  SAT   207   213    10.9705
  SAT     2     9     5.8547
  SAT    52    71     7.2683
  SAT    10    12     6.2705
  SAT     0     0     6.3331
  SAT     0    17     6.0569
  SAT     0     0     6.1704
  SAT     0     0     6.1779
  SAT    27    27     6.3960
  SAT   275   296    15.4201
  SAT   820   836    35.7199
  SAT    66    67     8.9543
  SAT    68    75     8.6023
  SAT    59    83     7.9205
  SAT    62    65     8.1247
  SAT     4     6     6.4238
  SAT    18    29     6.3790
  SAT     0     0     6.0672
  SAT   180   196    11.8822
  SAT   878   886    32.2827
  SAT     0     0     6.3161
  SAT    66    70     7.8718
  SAT    43    53     7.3932
  SAT    46    63     7.1193
  SAT   287   299    14.9128
  SAT    62    72     7.8356
  SAT     8     9     6.3465
  SAT    31    36     6.6523
  SAT    32    42     7.0738
  SAT     0     0     6.1258
  SAT    27    36     6.9728
  SAT    74   105     8.5973
  SAT   170   183    10.3874
  SAT    22    31     6.6970
  SAT   209   223    12.7007
  SAT    58    82     8.7263
  SAT     0     0     6.2729
  SAT    18    22     6.2620
  SAT    19    32     6.4816
  SAT     7    15     6.0229
  SAT   329   340    15.1825
  SAT    30    41     7.5872
  SAT    65    76     7.3707
  SAT    27    27     6.6926
  SAT     7    31     6.2664
  SAT   182   201    11.1570
  SAT    55    68     7.6002
  SAT     0     0     6.3584
  SAT   241   258    12.9875
  SAT   196   211    11.4513
  SAT  1494  1501    67.2510
  SAT    11    20     6.3502
  SAT    18    45     7.0603
  SAT   655   669    31.1324
  SAT    14    15     6.1420
  SAT    24    27     6.5321
  SAT    60    83     8.3779
  SAT     0     0     6.0284
  SAT    29    39     7.0126
  SAT   101   105     8.7445
  SAT     0     0     5.8961
  SAT    56    80     7.9800
  SAT   489   515    23.7999
  SAT    29    52     6.9895
  SAT   287   293    14.5829
  SAT     0     0     6.0820
  SAT   373   391    18.8917
  SAT     1    11     5.9260
  SAT     0     0     6.3102
  SAT     0     0     6.1857
  SAT  2512  2532    95.1110
  SAT    96   118     8.9986
  SAT    62    79     7.7826
  SAT    49    98     7.5543
  SAT    12    14     6.3617
  SAT    54    55     7.8029
  SAT     0     0     6.2461
  SAT    46    71     7.0300
  SAT   249   268    13.9819
  SAT     0     0     6.2296
  SAT     0     0     6.0004
  SAT   416   426    24.9945
  SAT   170   192    10.6506
  SAT     0     0     6.2006
  SAT    34    41     6.6657
  SAT    19    24     6.4357
  SAT    49    72     7.1848
  SAT    46    51     7.1620
  SAT     0     0     5.9384
  SAT     6    15     6.2189
  SAT     0     0     6.2798
  SAT     0     0     6.1647
  SAT     0     0     6.0974
  SAT    39    40     6.8644
  SAT     0     0     6.4142
  SAT   281   293    15.5204
  SAT   128   136    10.1820
  SAT    48    49     7.3388
  SAT    37    43     6.8656
  SAT    30    42     6.8789
  SAT    51    66     8.1214
  SAT    28    44     6.6207
  SAT    14    24     6.4788
  SAT     4     8     5.9479
  SAT   672   672    30.0452
  SAT    34    39     6.4380
  SAT    62    62     8.2516
  SAT    18    27     6.5111
  SAT    19    27     6.2878
  SAT    21    27     7.0103
  SAT     1    15     6.1382
  SAT    48    64     7.0840
  SAT   201   206    11.8381
  SAT     0    18     6.4018
  SAT    23    28     6.4131
  SAT    61    63     8.2826
  SAT   253   264    13.4780
  SAT     8     8     6.3286
  SAT    86    98     8.0457
  SAT    23    41     6.3436
  SAT    91   102     8.4347
  SAT     8    11     5.9896
  SAT     5     5     6.4994
  SAT   289   318    15.8640
  SAT    93   109     9.2738
  SAT     0    23     6.5171
  SAT     0     0     6.0544
  SAT     0     0     6.0836
  SAT     0     0     6.1479
  SAT     0     0     6.0335
  SAT   140   166    12.1141
  SAT     0     0     6.1708
  SAT   109   115     9.1063
  SAT    50    62     7.4346
  SAT     1    10     6.2281
  SAT    40    49     7.3666
  SAT     8    18     6.0991
  SAT     0     0     6.0982
  SAT    97   108     8.6119
  SAT    40    51     8.0390
  SAT   179   191    10.0938
  SAT    20    27     6.3916
  SAT    29    35     6.3959
  SAT    86   101     9.2887
  SAT     0     0     6.3871
  SAT    94   111     8.4951
  SAT    15    18     6.4799
  SAT   793   809    35.1045
  SAT     5    39     6.3363
  SAT     0     0     6.1927
  SAT   103   106     9.7365
  SAT     7     7     6.3385
  SAT    94   107     8.8695
  SAT   272   290    14.1650
  SAT    11    25     6.3259
  SAT    23    26     7.3394
  SAT    25    51     6.5544
  SAT   129   141     9.9424
  SAT   214   220    10.9679
  SAT   781   809    43.3096
  SAT     0     0     6.2482
  SAT    19    55     6.5010
  SAT    46    62     7.1973
  SAT    53    68     7.1396
  SAT     0     0     6.1944
  SAT    80    96     8.5146
  SAT    13    29     6.3300
  SAT    38    56     7.5540
  SAT     0     0     6.1162
  SAT    11    15     6.3087
  SAT   195   223    13.2879
  SAT    21    22     6.6516
  SAT    96   112     8.1982
  SAT    75   103     7.1173
  SAT    29    61     7.0858
  SAT    25    26     6.5733
  SAT    11    24     6.0628
  SAT   102   132    10.4240
  SAT     2     5     5.9078
  SAT    39    69     7.0303
  SAT   226   228    13.0713
  SAT     0     0     6.4929
  SAT   162   188    11.5684
  SAT    64    77     7.9688
  SAT    28    33     6.6665
  SAT     8    34     6.1291
  SAT    15    21     6.3347
  SAT    67    86     7.6344
  SAT     0     0     6.2250
  SAT    51    63     7.2935
  SAT     0     0     5.9864
  SAT   122   140     9.6910
  SAT     0     0     6.2126
  SAT    29    30     7.0189
  SAT    58    67     7.1781
  SAT    11    14     6.1843
  SAT    91    92     9.5059
  SAT     0     0     6.0137
  SAT    50    63     7.3655
  SAT   109   123     8.9410
  SAT     7    15     6.1609
  SAT    21    30     6.4664
  SAT    20    28     6.6165
  SAT    10    10     6.3833
  SAT    55    68     7.1152
  SAT    32    41     7.0334
  SAT    21    23     6.4296
  SAT    21    49     6.4768
  SAT    79    82     8.2768
  SAT    14    32     6.3841
  SAT     0     0     6.3258
  SAT     0     0     6.2889
  SAT     0     0     6.1938
  SAT    31    45     6.5864
  SAT    21    25     6.6489
  SAT   538   542    26.3111
  SAT   403   431    19.3094
  SAT    13    20     6.5072
  SAT    10    17     6.2667
  SAT     0     0     6.4250
  SAT   108   118     8.3073
  SAT   889   897    41.7177
  SAT     0     0     6.1343
  SAT   988  1004    42.5686
  SAT     0     0     6.3106
  SAT   135   147    10.5763
  SAT   269   279    16.0895
  SAT    19    22     6.4922
  SAT     9    22     6.1142
  SAT   443   457    22.1600
  SAT   233   244    15.0575
  SAT    58    72     7.7790
  SAT     0     0     6.0426
  SAT   229   233    14.6080
  SAT     4    17     6.1572
  SAT   115   116     8.7031
  SAT     8    19     6.0642
  SAT    18    27     6.5144
  SAT    44    52     7.1290
  SAT     7    28     6.4367
  SAT     0    12     6.3720
  SAT    45    56     6.9569
  SAT     6    16     6.0788
  SAT   167   185    13.3917
  SAT   132   162    11.3850
  SAT     0     0     6.4015
  SAT   193   217    11.7619
  SAT    11    17     6.0009
  SAT    31    33     8.1184
  SAT     0     0     6.3214
  SAT     0     0     6.1432
  SAT   353   360    18.1363
  SAT    20    25     6.5533
  SAT    34    52     7.1611
  SAT   352   393    19.8077
  SAT   251   266    15.3336
  SAT    13    18     6.2681
  SAT   339   353    21.4702
  SAT    90    91     9.2454
  SAT    76    89     7.8276
  SAT    22    47     6.7731
  SAT   446   476    20.4153
  SAT    41    67     7.6643
  SAT    54    92     7.7725
  SAT   204   222    15.3214
  SAT    97   126     9.5813
  SAT     0     0     6.2154
  SAT     9    20     6.3743
  SAT    50    52     7.9391
  SAT   354   359    15.6453
  SAT   108   113    10.1879
  SAT    92   107     8.3612
  SAT    33    53     7.6426
  SAT    10    22     6.4691
  SAT   628   636    30.2844
  SAT     0     0     6.1094
  SAT    60    89     8.3385
  SAT    59    62     7.7392
  SAT     0     0     6.3615
  SAT    15    22     6.3235
  SAT    23    31     6.6472
  SAT    66    80     8.1898
  SAT     9    23     5.9283
  SAT    31    32     6.9596
  SAT     0     0     6.2563
  SAT     0     0     6.1538
  SAT    56    64     7.7047
  SAT     0     0     5.9031
  SAT    86    95     7.9649
  SAT   306   320    15.6727
  SAT    94   108     9.3246
  SAT    76    85     8.0749
  SAT    34    50     7.2083
  SAT    30    66     6.6860
  SAT    13    24     6.4412
  SAT    50    63     7.1240
  SAT   285   285    16.0185
  SAT    16    28     6.3471
  SAT   228   278    13.3101
  SAT   106   117     8.5693
  SAT    48    51     7.3164
  SAT    73    89     7.4588
  SAT   227   233    15.3561
  SAT     0    12     6.2670
  SAT    21    27     6.4972
  SAT     6    10     5.9884
  SAT   277   284    15.9565
  SAT    29    69     7.0957
  SAT    35    49     7.1676
  SAT    63    68     7.9431
  SAT     0     0     6.2732
  SAT    49    64     7.6328
  SAT    56    63     7.2703
  SAT    49    58     6.9288
  SAT   470   486    19.1212
  SAT    39    51     7.3917
  SAT    84   104     9.4475
  SAT   144   152    13.8274
  SAT   243   250    14.3542
  SAT    58    69     7.9605
  SAT    40    44     6.6777
  SAT   100   117     8.7812
  SAT     0     0     6.3132
  SAT   154   171    10.4296
  SAT    49    57     7.4126
  SAT   178   184    12.6812
  SAT   225   240    11.3530
  SAT    74    77     8.4330
  SAT    46    72     7.3645
  SAT    18    28     6.6343
  SAT   182   187    11.2470
  SAT   740   769    33.4180
  SAT    73    80     8.2713
  SAT   229   244    14.3372
  SAT     9    11     6.0970
  SAT     8    14     6.1408
  SAT     0     0     6.3132
  SAT    49    67     6.9902
  SAT   237   248    14.6462
  SAT    95    99     8.8151
  SAT   115   116    10.3197
  SAT     0     0     6.1320
  SAT   308   332    14.9589
  SAT     0     0     6.4506
  SAT   289   313    17.1285
  SAT    94   103     9.2886
  SAT    30    49     6.9613
  SAT   106   112    10.4375
  SAT   131   168    11.1354
  SAT    13    14     6.3103
  SAT    80    88     8.5437
  SAT    74    91     9.3375
  SAT    83    86     8.7148
  SAT   110   112     9.1306
  SAT    35    52     7.4169
  SAT    41    54     6.8601
  SAT    84   100     8.8328
  SAT   470   493    22.6447
  SAT   339   344    14.5211
  SAT     0     0     6.0722
  SAT     0     0     6.3187
  SAT    45    54     6.9477
  SAT     0     0     6.2514
  SAT    47    68     7.5861
  SAT  1720  1732    68.5414
  SAT    90    99     8.6298
  SAT     0     0     6.0257
  SAT   120   124    10.0299
  SAT     7    28     6.6048
  SAT   132   151    10.8728
  SAT   111   117     9.7045
  SAT   902   928    36.5423
  SAT    42    45     7.3654
  SAT    75    83     7.7653
  SAT    59    64     7.1951
  SAT    71    75     8.2733
  SAT   168   187    12.7219
  SAT   189   207    13.8325
  SAT   144   154     9.4021
  SAT    47    73     7.7451
  SAT   302   322    16.5906
  SAT     0     0     6.2583
  SAT     0     0     5.9951
  SAT     0     0     6.1287
  SAT     0     0     5.9939
  SAT    29    31     6.5400
  SAT    78   106     8.2557
  SAT    32    39     6.7506
  SAT   223   226    11.6094
  SAT    52    60     7.6069
  SAT     9    25     6.5260
  SAT   106   108    10.5802
  SAT   439   472    19.9965
  SAT    27    40     6.5855
  SAT     0     0     6.2142
  SAT    43    61     7.2997
  SAT   156   174    11.2656
  SAT    40    51     7.4858
  SAT   103   103     9.3420
  SAT     0     0     5.9991
  SAT    22    30     6.5810
  SAT    48    54     7.0949
  SAT     0     0     6.3579
  SAT  1122  1153    47.4399
  SAT     0     0     5.9222
  SAT    84   100     8.6138
  SAT     0     0     6.0519
  SAT   126   132     9.5417
  SAT     7    19     6.1286
  SAT    42    57     7.2881
  SAT   286   290    14.1491
  SAT    62    70     9.6885
  SAT   160   195     9.8328
  SAT    18    48     6.3921
  SAT    57    63     7.5243
  SAT    52    52     7.8227
  SAT     0     0     6.3762
  SAT   236   246    15.4461
  SAT    81    97     8.0404
  SAT   238   248    12.9722
  SAT    12    17     6.2480
  SAT     8    25     6.5237
  SAT    28    42     6.6187
  SAT    33    52     7.2142
  SAT    12    18     6.5784
  SAT   659   666    34.9965
  SAT    30    41     6.8541
  SAT    68    77     8.4174
  SAT    49    58     7.1544
  SAT   256   258    15.6117
  SAT    70    77     7.9933
  SAT    18    24     6.5482
  SAT    90   100     7.4807
  SAT   276   299    17.0394
  SAT    66    74     7.6834
  SAT   103   117     8.7708
  SAT    23    45     6.7042
  SAT    53    59     7.2496
  SAT    16    31     6.2659
  SAT    24    34     6.9386
  SAT    91    99     9.7217
  SAT    43    48     7.0068
  SAT    41    42     7.6336
  SAT    65    80     8.3161
  SAT    45    53     7.8278
  SAT    24    35     6.4303
  SAT     3    12     6.2128
  SAT    30    43     6.7744
  SAT   137   150    10.4582
  SAT   345   351    17.0783
  SAT    15    21     6.4347
  SAT    21    36     6.5289
  SAT     0     0     6.1369
  SAT    34    51     7.1325
  SAT   240   240    13.6124
  SAT     0     0     6.4451
  SAT    74    95     7.1435
  SAT    13    37     6.6026
  SAT   165   184    10.5896
  SAT    10    25     6.6625
  SAT    34    46     7.1037
  SAT    68    79     7.6573
  SAT    40    48     7.6430
  SAT   459   471    21.2259
  SAT   137   151    12.1206
  SAT    66    72     7.9363
  SAT     0     0     6.0343
  SAT    21    27     6.3586
  SAT    29    52     6.6848
  SAT    56    61     8.3660
  SAT   481   488    22.3622
  SAT   374   402    14.9851
  SAT   376   422    22.8016
  SAT   235   257    13.1605
  SAT   124   139    10.7788
  SAT    60    95     7.3606
  SAT    33    37     7.1562
  SAT   237   238    12.6204
  SAT    86    87     8.9535
  SAT    85    85     8.6765
  SAT    22    40     6.4004
  SAT   139   141    10.6200
  SAT    57    60     8.4652
  SAT   103   114     8.6738
  SAT     0     0     6.2386
  SAT    39    40     6.7504
  SAT     0     0     6.2559
  SAT   116   134    10.2468
  SAT    19    28     6.1493
  SAT    85    93     9.7606
  SAT    29    35     6.7769
  SAT   517   537    27.0851
  SAT    52    88     7.9029
  SAT     7     9     6.0819
  SAT    60    64     7.9207
  SAT    64    66     8.1757
  SAT    65    84     8.1334
  SAT     6    16     6.2658
  SAT    71    74     8.9252
  SAT   188   190    11.6374
  SAT   134   139     9.9317
  SAT    41    64     7.7402
  SAT    29    63     6.9842
  SAT    59    66     7.8055
  SAT    14    31     6.4597
  SAT     0     0     5.9873
  SAT   245   250    14.7268
  SAT    18    27     6.5632
  SAT   381   405    15.4869
  SAT    34    63     7.5362
  SAT     0     0     6.0838
  SAT   306   331    15.5838
  SAT   107   131     8.8621
  SAT     0     0     6.4476
  SAT   121   122    10.7528
  SAT    31    46     6.6980
  SAT   554   577    29.0782
  SAT     0     0     6.2966
  SAT   116   125     8.6087
  SAT   187   199    11.5047
  SAT   151   161    10.8484
  SAT    60    76     7.8756
  SAT    79    90     8.3137
  SAT    34    68     6.7624
  SAT   118   132     9.4394
  SAT    17    25     6.4599
  SAT    29    42     6.5633
  SAT    39    46     7.0935
  SAT   112   131     8.9869
  SAT    92   112     8.6460
  SAT     4    24     6.1625
  SAT   167   193    10.0291
  SAT    84    90     7.8637
  SAT   390   415    19.1658
  SAT   255   283    15.0383
  SAT    17    22     6.5488
  SAT   213   223    10.5161
  SAT   265   269    13.4898
  SAT   116   131     9.6877
  SAT    60    61     8.4067
  SAT   128   140    10.5752
  SAT    24    54     6.5497
  SAT   114   132    11.7147
  SAT    14    30     6.5702
  SAT    32    46     7.1322
  SAT    41    41     7.1664
  SAT   115   154    10.0912
  SAT    23    27     6.6682
  SAT   274   293    14.7953
  SAT   538   552    26.4095
  SAT    77    87     8.0531
  SAT   163   182    12.5366
  SAT    22    31     6.2386
  SAT    97   104     8.9147
  SAT    15    19     6.3916
  SAT    62    79     8.0445
  SAT    30    36     6.9297
  SAT   292   307    15.8612
  SAT     0     0     6.3237
  SAT   833   845    35.6095
  SAT    28    45     6.4277
  SAT    38    58     6.9503
  SAT   133   150    10.5506
  SAT    17    28     6.2969
  SAT    37    47     7.0284
  SAT    41    61     7.1849
  SAT    11    20     6.3979
  SAT   149   152    10.9216
