  SAT     0     1     6.5405
  SAT     0     0     6.3071
  SAT     0     2     6.3004
  SAT     0     0     6.3318
  SAT     0     0     6.3661
  SAT     0     1     6.6213
  SAT     0     0     6.0500
  SAT     0     0     6.1450
  SAT     0     0     6.1251
  SAT     0     2     6.4919
  SAT     0     3     6.2681
  SAT     0     0     6.0872
  SAT     0     1     6.0853
  SAT     0     1     6.2024
  SAT     0     1     6.2952
  SAT     0     4     6.3870
  SAT     0     0     6.2046
  SAT     0     0     6.3517
  SAT     0     0     6.4165
  SAT     0     0     6.5636
  SAT     0     0     6.0559
  SAT     0     1     6.1941
  SAT     0     2     6.1218
  SAT     0     0     6.3247
  SAT     0     1     6.0646
  SAT     0     2     6.3035
  SAT     0     1     6.3158
  SAT     0     3     6.3938
  SAT     0     0     6.2718
  SAT     0     0     6.2484
  SAT     0     1     6.4604
  SAT     0     0     6.0751
  SAT     0     2     6.1896
  SAT     0     0     6.2288
  SAT     0     2     6.3273
  SAT     0     4     6.3527
  SAT     0     1     6.3140
  SAT     0     1     6.2936
  SAT     0     0     6.4141
  SAT     0     1     6.3963
  SAT     0     4     6.1750
  SAT     0     0     5.9233
  SAT     0     0     6.2757
  SAT     0     1     6.3320
  SAT     0     1     6.3381
  SAT     0     2     6.3341
  SAT     0     0     6.4133
  SAT     0     0     6.5234
  SAT     0     3     6.1232
  SAT     0     1     5.9574
  SAT     0     0     6.3683
  SAT     0     0     6.5417
  SAT     0     2     6.0464
  SAT     0     0     5.8754
  SAT     0     1     6.3573
  SAT     0     3     6.2973
  SAT     0     0     6.1890
  SAT     0     0     6.4163
  SAT     0     3     6.4573
  SAT     0     2     6.1033
  SAT     0     2     6.1964
  SAT     0     0     6.0456
  SAT     0     1     6.1834
  SAT     0     0     6.4933
  SAT     0     0     6.1479
  SAT     0     3     6.1313
  SAT     0     0     6.1616
  SAT     0     5     6.1015
  SAT     0     0     6.2108
  SAT     0     0     6.0753
  SAT     0     3     5.9270
  SAT     0     2     6.2237
  SAT     0     1     6.4156
  SAT     0     7     6.0113
  SAT     0     0     6.3064
  SAT     0     0     6.0515
  SAT     0     0     6.1437
  SAT     0     0     6.1428
  SAT     0     2     5.9893
  SAT     0     1     6.1826
  SAT     0     1     5.9855
  SAT     0     4     6.1788
  SAT     0     0     5.9531
  SAT     0     3     6.1821
  SAT     0     0     6.0319
  SAT     0     2     6.0645
  SAT     0     1     6.2726
  SAT     0     0     6.0772
  SAT     0     3     6.2151
  SAT     0     2     6.2262
  SAT     0     3     6.3136
  SAT     0     1     6.0787
  SAT     0     3     6.1851
  SAT     0     0     5.9437
  SAT     0     0     6.2471
  SAT     0     5     6.4049
  SAT     0     1     6.0740
  SAT     0     2     5.9700
  SAT     0     2     6.3233
  SAT     0     0     6.1004
  SAT     0     0     6.0210
  SAT     0     0     5.9665
  SAT     0     2     6.1073
  SAT     0     1     6.0602
  SAT     0     0     6.1943
  SAT     0     0     6.1789
  SAT     0     0     6.4793
  SAT     0     3     5.9917
  SAT     0     2     5.9982
  SAT     0     0     6.1927
  SAT     0     2     6.1203
  SAT     0     0     6.2468
  SAT     0     5     5.8840
  SAT     0     0     6.0293
  SAT     0     6     6.1999
  SAT     0     1     6.0718
  SAT     0     2     6.0226
  SAT     0     0     6.1089
  SAT     0     4     6.0965
  SAT     0     1     6.2089
  SAT     0     2     6.0272
  SAT     0     2     6.2144
  SAT     0     3     5.9837
  SAT     0     1     6.0346
  SAT     0     1     6.0801
  SAT     0     2     6.1778
  SAT     0     0     6.2794
  SAT     0     1     6.2126
  SAT     0     3     6.2340
  SAT     0     3     6.2493
  SAT     0     2     6.2609
  SAT     0     4     6.1481
  SAT     0     2     5.9554
  SAT     0     3     6.1647
  SAT     0     0     6.0719
  SAT     0     0     6.1787
  SAT     0     1     6.2315
  SAT     0     0     6.1571
  SAT     0     6     6.1270
  SAT     0     1     6.1549
  SAT     0     3     6.3734
  SAT     0     2     6.0347
  SAT     0     1     6.0646
  SAT     0     2     6.2403
  SAT     0     0     6.3693
  SAT     0     3     5.9804
  SAT     0     0     6.0492
  SAT     0     4     5.8647
  SAT     0     4     6.2808
  SAT     0     0     6.1539
  SAT     0     0     6.1111
  SAT     0     3     6.0487
  SAT     0     2     6.3717
  SAT     0     1     5.9671
  SAT     0     2     6.1016
  SAT     0     0     6.0348
  SAT     0     2     6.0413
  SAT     0     3     5.9832
  SAT     0     2     6.2181
  SAT     0     0     6.1138
  SAT     0     0     6.2028
  SAT     0     0     6.1706
  SAT     0     0     6.4113
  SAT     0     4     6.0572
  SAT     0     0     6.0459
  SAT     0     1     6.1724
  SAT     0     2     6.0159
  SAT     0     1     5.9561
  SAT     0     1     6.0565
  SAT     0     0     6.0212
  SAT     0     0     6.1648
  SAT     0     3     6.0134
  SAT     0     2     6.0054
  SAT     0     0     5.8861
  SAT     0     4     6.3711
  SAT     0     2     6.0529
  SAT     0     2     6.0097
  SAT     0     1     6.0639
  SAT     0     1     6.4418
  SAT     0     0     5.9559
  SAT     0     1     6.1553
  SAT     0     1     5.9122
  SAT     0     0     6.2179
  SAT     0     0     6.0282
  SAT     0     0     6.2212
  SAT     0     3     5.9336
  SAT     0     0     6.0933
  SAT     0     1     5.9253
  SAT     0     0     6.4589
  SAT     0     1     5.9137
  SAT     0     1     6.0806
  SAT     0     1     5.9356
  SAT     0     1     6.1432
  SAT     0     1     5.9150
  SAT     0     1     6.2934
  SAT     0     0     6.1291
  SAT     0     1     6.0067
  SAT     0     2     6.1590
  SAT     0     2     6.1812
  SAT     0     4     5.9237
  SAT     0     0     6.0259
  SAT     0     0     6.2246
  SAT     0     2     5.9747
  SAT     0     0     6.0998
  SAT     0     1     6.2450
  SAT     0     2     6.0035
  SAT     0     1     6.1191
  SAT     0     1     6.1173
  SAT     0     2     6.1754
  SAT     0     1     6.2082
  SAT     0     0     6.2202
  SAT     0     3     6.2291
  SAT     0     1     6.1501
  SAT     0     1     5.9930
  SAT     0     2     6.0384
  SAT     0     2     6.3187
  SAT     0     1     6.0773
  SAT     0     0     6.0355
  SAT     0     0     6.2062
  SAT     0     2     5.8958
  SAT     0     2     6.1655
  SAT     0     0     5.9834
  SAT     0     0     5.9676
  SAT     0     3     6.4836
  SAT     0     0     6.0369
  SAT     0     1     5.9806
  SAT     0     1     6.2452
  SAT     0     0     6.0425
  SAT     0     3     6.2176
  SAT     0     1     6.1400
  SAT     0     1     6.3730
  SAT     0     1     5.9920
  SAT     0     0     5.9012
  SAT     0     1     6.1869
  SAT     0     4     6.0063
  SAT     0     0     6.1685
  SAT     0     1     5.9321
  SAT     0     0     5.9745
  SAT     0     2     6.1826
  SAT     0     1     6.0518
  SAT     0     0     5.9414
  SAT     0     0     6.1976
  SAT     0     2     5.8825
  SAT     0     3     6.1862
  SAT     0     1     6.2245
  SAT     0     3     6.2275
  SAT     0     2     6.2371
  SAT     0     0     5.9334
  SAT     0     0     6.2265
  SAT     0     6     5.9612
  SAT     0     3     6.3261
  SAT     0     1     6.0807
  SAT     0     0     6.1418
  SAT     0     1     6.0625
  SAT     0     2     5.9111
  SAT     0     4     6.1316
  SAT     0     0     6.0570
  SAT     0     0     6.1639
  SAT     0     4     5.9492
  SAT     0     3     6.2744
  SAT     0     3     6.2181
  SAT     0     3     6.2481
  SAT     0     5     6.1888
  SAT     0     0     6.1266
  SAT     0     2     6.3072
  SAT     0     0     6.1023
  SAT     0     2     6.2235
  SAT     0     2     6.0936
  SAT     0     3     6.0504
  SAT     0     1     6.0652
  SAT     0     0     6.1363
  SAT     0     2     5.9193
  SAT     0     1     6.1303
  SAT     0     1     6.0982
  SAT     0     1     5.8168
  SAT     0     0     6.3763
  SAT     0     3     5.9724
  SAT     0     1     6.0919
  SAT     0     0     6.1927
  SAT     0     2     6.3544
  SAT     0     1     6.0041
  SAT     0     2     6.1090
  SAT     0     1     5.9500
  SAT     0     2     6.2876
  SAT     0     1     6.0641
  SAT     0     0     6.1728
  SAT     0     3     6.1036
  SAT     0     5     6.1280
  SAT     0     2     5.9341
  SAT     0     0     6.0975
  SAT     0     1     6.0427
  SAT     0     2     6.2031
  SAT     0     1     6.1954
  SAT     0     0     5.9768
  SAT     0     3     6.0821
  SAT     0     0     6.0828
  SAT     0     1     6.1096
  SAT     0     1     6.0049
  SAT     0     3     6.0662
  SAT     0     1     5.9142
  SAT     0     1     6.0436
  SAT     0     1     6.0292
  SAT     0     0     6.0588
  SAT     0     1     6.1952
  SAT     0     1     5.9609
  SAT     0     1     5.8053
  SAT     0     2     6.2970
  SAT     0     3     6.0562
  SAT     0     0     6.1230
  SAT     0     3     6.1413
  SAT     0     1     6.1014
  SAT     0     1     6.0157
  SAT     0     0     6.1761
  SAT     0     1     6.0455
  SAT     0     3     5.9951
  SAT     0     1     6.0185
  SAT     0     0     6.3768
  SAT     0     0     6.0605
  SAT     0     2     6.0240
  SAT     0     3     5.9865
  SAT     0     4     6.0280
  SAT     0     2     5.8605
  SAT     0     6     6.3845
  SAT     0     0     6.0488
  SAT     0     4     6.0449
  SAT     0     5     6.1349
  SAT     0     2     6.1118
  SAT     0     1     5.9416
  SAT     0     3     6.1220
  SAT     0     1     6.0396
  SAT     0     2     5.8592
  SAT     0     0     6.2640
  SAT     0     3     6.1840
  SAT     0     0     6.1464
  SAT     0     2     6.0704
  SAT     0     3     6.0072
  SAT     0     2     5.9477
  SAT     0     2     6.1925
  SAT     0     3     6.4375
  SAT     0     2     6.0101
  SAT     0     0     6.0618
  SAT     0     1     6.1066
  SAT     0     0     5.9910
  SAT     0     0     6.1634
  SAT     0     1     5.9789
  SAT     0     0     6.0778
  SAT     0     3     6.1090
  SAT     0     5     6.2075
  SAT     0     0     6.1688
  SAT     0     0     6.1676
  SAT     0     2     6.0960
  SAT     0     1     6.4298
  SAT     0     0     6.0198
  SAT     0     0     6.1811
  SAT     0     1     6.0711
  SAT     0     3     6.0953
  SAT     0     1     5.8711
  SAT     0     0     6.1911
  SAT     0     1     5.9852
  SAT     0     0     6.1116
  SAT     0     1     6.0427
  SAT     0     2     6.2021
  SAT     0     0     6.0920
  SAT     0     1     6.0966
  SAT     0     2     5.9067
  SAT     0     0     6.2166
  SAT     0     3     6.0409
  SAT     0     2     6.1074
  SAT     0     1     6.1799
  SAT     0     3     6.1543
  SAT     0     1     5.9767
  SAT     0     1     5.7911
  SAT     0     1     6.2047
  SAT     0     1     6.1994
  SAT     0     1     6.2260
  SAT     0     0     6.3212
  SAT     0     2     5.9633
  SAT     0     0     6.1735
  SAT     0     1     6.1733
  SAT     0     0     5.9882
  SAT     0     1     5.8465
  SAT     0     0     6.3265
  SAT     0     0     6.0141
  SAT     0     0     6.2351
  SAT     0     2     6.0833
  SAT     0     1     6.1564
  SAT     0     1     6.0246
  SAT     0     1     5.8717
  SAT     0     0     6.2301
  SAT     0     1     6.4170
  SAT     0     4     6.0189
  SAT     0     2     5.8854
  SAT     0     2     6.2519
  SAT     0     3     6.1050
  SAT     0     1     5.9375
  SAT     0     4     6.2497
  SAT     0     1     6.0086
  SAT     0     0     6.1224
  SAT     0     2     6.1790
  SAT     0     1     6.1310
  SAT     0     0     6.1287
  SAT     0     2     6.0596
  SAT     0     1     6.0554
  SAT     0     1     6.1341
  SAT     0     2     6.1531
  SAT     0     2     6.1120
  SAT     0     0     6.1553
  SAT     0     1     6.3951
  SAT     0     1     5.9928
  SAT     0     2     5.8300
  SAT     0     0     6.3710
  SAT     0     3     5.9890
  SAT     0     1     5.8945
  SAT     0     2     6.4684
  SAT     0     3     5.8885
  SAT     0     1     5.9434
  SAT     0     2     6.2000
  SAT     0     2     6.3452
  SAT     0     3     5.8938
  SAT     0     2     5.8088
  SAT     0     3     6.3325
  SAT     0     1     5.9798
  SAT     0     1     5.8542
  SAT     0     4     6.3030
  SAT     0     1     6.1507
  SAT     0     1     6.0589
  SAT     0     2     6.1381
  SAT     0     0     6.1320
  SAT     0     1     6.0391
  SAT     0     1     6.1982
  SAT     0     1     6.3575
  SAT     0     0     5.9865
  SAT     0     3     5.9721
  SAT     0     1     6.0015
  SAT     0     2     6.2111
  SAT     0     1     6.2924
  SAT     0     0     5.9485
  SAT     0     1     6.0619
  SAT     0     0     6.1490
  SAT     0     0     6.1156
  SAT     0     2     6.2213
  SAT     0     2     6.3147
  SAT     0     1     6.0034
  SAT     0     2     6.1406
  SAT     0     1     6.1430
  SAT     0     1     6.1149
  SAT     0     1     6.4644
  SAT     0     1     5.9926
  SAT     0     1     6.0178
  SAT     0     0     6.0914
  SAT     0     3     6.0997
  SAT     0     7     6.1858
  SAT     0     0     6.1454
  SAT     0     3     6.2896
  SAT     0     1     5.8772
  SAT     0     2     6.2591
  SAT     0     3     6.0172
  SAT     0     3     6.2928
  SAT     0     1     6.0117
  SAT     0     4     6.2645
  SAT     0     2     6.0143
  SAT     0     0     6.0398
  SAT     0     2     6.0837
  SAT     0     2     6.1161
  SAT     0     4     6.1396
  SAT     0     2     6.2774
  SAT     0     4     6.1323
  SAT     0     1     6.0433
  SAT     0     0     6.1400
  SAT     0     2     5.9634
  SAT     0     1     6.0693
  SAT     0     1     5.9771
  SAT     0     1     6.2862
  SAT     0     2     6.0645
  SAT     0     3     5.8958
  SAT     0     2     6.1166
  SAT     0     3     5.8904
  SAT     0     2     6.3284
  SAT     0     4     5.9816
  SAT     0     0     6.2120
  SAT     0     2     5.9339
  SAT     0     3     6.0877
  SAT     0     4     6.2983
  SAT     0     1     6.1573
  SAT     0     2     5.9745
  SAT     0     2     6.1903
  SAT     0     1     6.0117
  SAT     0     1     6.0841
  SAT     0     3     6.2386
  SAT     0     0     6.3692
  SAT     0     6     5.9338
  SAT     0     2     5.8536
  SAT     0     0     6.4736
  SAT     0     1     5.9461
  SAT     0     5     6.0120
  SAT     0     3     6.0890
  SAT     0     5     5.8173
  SAT     0     0     6.3331
  SAT     0     1     5.9176
  SAT     0     2     6.1531
  SAT     0     0     6.2051
  SAT     0     0     6.3933
  SAT     0     4     6.0605
  SAT     0     3     6.0406
  SAT     0     3     6.0118
  SAT     0     2     5.9598
  SAT     0     4     6.3168
  SAT     0     3     6.0698
  SAT     0     0     6.1131
  SAT     0     1     5.9849
  SAT     0     2     6.1404
  SAT     0     0     5.9914
  SAT     0     0     6.0402
  SAT     0     3     5.9710
  SAT     0     3     6.0097
  SAT     0     0     5.9707
  SAT     0     1     6.0688
  SAT     0     1     6.1600
  SAT     0     2     6.0643
  SAT     0     4     6.2928
  SAT     0     0     5.9837
  SAT     0     1     6.1329
  SAT     0     0     5.9604
  SAT     0     0     6.2166
  SAT     0     0     5.9520
  SAT     0     4     6.3638
  SAT     0     0     6.0086
  SAT     0     5     5.9499
  SAT     0     1     6.2144
  SAT     0     3     5.9285
  SAT     0     2     5.9368
  SAT     0     5     5.9723
  SAT     0     1     6.1416
  SAT     0     1     6.1513
  SAT     0     1     5.9353
  SAT     0     1     6.3777
  SAT     0     4     5.9316
  SAT     0     3     5.8561
  SAT     0     1     6.2983
  SAT     0     2     6.0927
  SAT     0     2     6.0800
  SAT     0     4     5.9458
  SAT     0     1     6.0881
  SAT     0     1     6.1691
  SAT     0     3     5.9932
  SAT     0     1     5.9959
  SAT     0     1     6.1391
  SAT     0     1     6.2527
  SAT     0     1     5.9149
  SAT     0     2     6.2111
  SAT     0     2     6.0508
  SAT     0     4     6.1661
  SAT     0     2     6.1942
  SAT     0     2     6.1315
  SAT     0     1     6.1576
  SAT     0     2     6.3915
  SAT     0     3     5.9112
  SAT     0     1     6.0346
  SAT     0     0     5.9152
  SAT     0     0     5.8411
  SAT     0     0     6.0928
  SAT     0     0     6.3243
  SAT     0     1     6.0880
  SAT     0     0     6.0683
  SAT     0     2     6.2242
  SAT     0     3     5.9732
  SAT     0     1     5.9685
  SAT     0     4     5.9294
  SAT     0     1     6.1771
  SAT     0     0     6.1555
  SAT     0     3     6.2778
  SAT     0     4     6.3934
  SAT     0     2     6.0101
  SAT     0     1     6.0124
  SAT     0     2     6.0280
  SAT     0     2     5.8975
  SAT     0     0     6.1708
  SAT     0     4     6.1900
  SAT     0     1     6.2363
  SAT     0     3     6.2227
  SAT     0     2     5.9697
  SAT     0     0     6.1930
  SAT     0     3     6.1340
  SAT     0     1     6.1411
  SAT     0     4     6.0457
  SAT     0     3     6.1963
  SAT     0     2     6.1465
  SAT     0     2     5.9845
  SAT     0     3     6.1102
  SAT     0     2     6.2807
  SAT     0     3     5.9615
  SAT     0     1     6.0704
  SAT     0     0     6.3279
  SAT     0     1     6.0214
  SAT     0     2     6.2696
  SAT     0     1     5.9277
  SAT     0     0     6.1090
  SAT     0     1     5.9428
  SAT     0     3     6.0292
  SAT     0     2     6.0044
  SAT     0     0     6.0677
  SAT     0     2     6.1326
  SAT     0     4     6.1410
  SAT     0     1     6.4160
  SAT     0     5     5.9102
  SAT     0     1     6.0597
  SAT     0     1     6.0118
  SAT     0     2     6.0772
  SAT     0     2     5.9032
  SAT     0     1     6.1339
  SAT     0     2     6.0109
  SAT     0     3     6.2750
  SAT     0     3     6.2480
  SAT     0     0     6.3180
  SAT     0     2     6.0161
  SAT     0     3     6.0946
  SAT     0     1     6.2346
  SAT     0     2     6.2660
  SAT     0     4     5.9365
  SAT     0     2     6.3897
  SAT     0     0     5.9531
  SAT     0     1     6.0982
  SAT     0     0     6.0754
  SAT     0     1     5.9513
  SAT     0     0     6.0879
  SAT     0     1     6.0380
  SAT     0     2     5.9871
  SAT     0     1     6.1332
  SAT     0     1     6.3657
  SAT     0     0     6.0206
  SAT     0     1     6.1665
  SAT     0     4     6.0215
  SAT     0     1     6.0830
  SAT     0     1     6.1361
  SAT     0     1     6.1149
  SAT     0     1     6.0336
  SAT     0     1     6.0637
  SAT     0     1     5.9709
  SAT     0     1     5.9893
  SAT     0     1     6.1075
  SAT     0     2     5.9850
  SAT     0     1     6.2099
  SAT     0     0     6.1384
  SAT     0     0     5.9365
  SAT     0     0     6.2037
  SAT     0     2     5.9664
  SAT     0     2     6.1475
  SAT     0     4     6.0344
  SAT     0     1     5.8118
  SAT     0     1     6.2482
  SAT     0     2     6.3853
  SAT     0     0     6.0025
  SAT     0     2     5.8471
  SAT     0     2     6.4031
  SAT     0     0     5.9893
  SAT     0     2     6.1605
  SAT     0     0     5.9683
  SAT     0     4     5.9274
  SAT     0     2     6.1745
  SAT     0     1     6.0051
  SAT     0     2     5.9657
  SAT     0     3     6.0823
  SAT     0     2     6.0786
  SAT     0     1     6.2083
  SAT     0     0     6.3405
  SAT     0     2     5.9392
  SAT     0     1     6.0366
  SAT     0     3     6.0644
  SAT     0     1     6.4250
  SAT     0     1     5.9720
  SAT     0     1     5.8095
  SAT     0     2     6.2099
  SAT     0     1     6.4432
  SAT     0     2     5.8494
  SAT     0     1     6.2276
  SAT     0     3     5.9661
  SAT     0     4     5.9352
  SAT     0     0     6.0385
  SAT     0     1     6.1515
  SAT     0     1     6.0401
  SAT     0     3     6.0447
  SAT     0     0     5.9525
  SAT     0     0     6.4610
  SAT     0     3     5.9621
  SAT     0     1     6.0547
  SAT     0     2     6.1689
  SAT     0     3     6.0675
  SAT     0     5     6.0852
  SAT     0     1     5.9552
  SAT     0     3     5.8207
  SAT     0     4     6.3028
  SAT     0     1     5.9492
  SAT     0     1     6.0529
  SAT     0     1     5.9695
  SAT     0     4     6.1893
  SAT     0     1     6.1101
  SAT     0     2     5.9678
  SAT     0     4     6.0579
  SAT     0     0     6.1149
  SAT     0     4     6.4313
  SAT     0     1     5.9434
  SAT     0     4     6.1485
  SAT     0     3     5.9985
  SAT     0     1     6.0136
  SAT     0     2     6.2486
  SAT     0     2     6.0938
  SAT     0     2     6.1262
  SAT     0     0     6.0129
  SAT     0     3     6.3068
  SAT     0     1     5.8925
  SAT     0     0     6.1578
  SAT     0     3     5.9510
  SAT     0     3     6.1936
  SAT     0     4     6.0719
  SAT     0     1     6.0455
  SAT     0     2     5.9364
  SAT     0     0     5.9932
  SAT     0     0     6.0182
  SAT     0     3     5.8267
  SAT     0     0     6.2446
  SAT     0     1     6.0197
  SAT     0     5     6.0441
  SAT     0     2     6.1636
  SAT     0     1     6.0392
  SAT     0     3     6.3007
  SAT     0     5     6.0113
  SAT     0     2     6.1342
  SAT     0     2     6.0471
  SAT     0     2     5.8433
  SAT     0     1     5.8977
  SAT     0     4     6.1189
  SAT     0     5     6.0204
  SAT     0     3     6.2066
  SAT     0     2     6.1339
  SAT     0     2     6.0011
  SAT     0     1     6.1628
  SAT     0     2     5.9342
  SAT     0     1     6.1682
  SAT     0     3     5.9888
  SAT     0     1     6.2313
  SAT     0     1     6.0747
  SAT     0     3     6.3438
  SAT     0     0     6.0415
  SAT     0     1     6.0531
  SAT     0     3     5.9136
  SAT     0     2     5.9924
  SAT     0     5     6.1297
  SAT     0     1     5.9896
  SAT     0     2     6.0886
  SAT     0     3     6.0011
  SAT     0     3     6.0691
  SAT     0     3     6.1062
  SAT     0     1     6.0195
  SAT     0     4     6.1218
  SAT     0     0     6.2865
  SAT     0     2     6.1456
  SAT     0     3     6.3859
  SAT     0     1     5.9313
  SAT     0     2     5.8693
  SAT     0     1     6.0603
  SAT     0     6     6.0001
  SAT     0     1     6.1746
  SAT     0     2     6.0514
  SAT     0     2     6.0371
  SAT     0     5     6.2725
  SAT     0     4     5.9007
  SAT     0     1     5.8523
  SAT     0     1     6.1348
  SAT     0     0     6.4036
  SAT     0     1     5.9066
  SAT     0     1     5.9747
  SAT     0     1     5.9882
  SAT     0     2     6.2602
  SAT     0     0     5.9920
  SAT     0     3     5.7942
  SAT     0     0     6.1333
  SAT     0     3     6.0568
  SAT     0     1     6.1258
  SAT     0     2     6.2705
  SAT     0     2     5.8869
  SAT     0     3     5.9819
  SAT     0     1     6.1638
  SAT     0     2     6.4261
  SAT     0     2     5.9464
  SAT     0     2     5.9436
  SAT     0     2     6.0186
  SAT     0     4     6.2157
  SAT     0     2     5.9815
  SAT     0     3     5.9231
  SAT     0     3     6.1827
  SAT     0     1     6.2059
  SAT     0     0     6.1107
  SAT     0     0     6.0378
  SAT     0     2     6.1242
  SAT     0     0     6.1480
  SAT     0     2     6.0162
  SAT     0     2     6.0622
  SAT     0     2     5.8893
  SAT     0     0     6.1496
  SAT     0     1     6.2222
  SAT     0     1     6.1111
  SAT     0     1     5.8966
  SAT     0     2     6.1351
  SAT     0     5     6.0466
  SAT     0     3     6.0204
  SAT     0     2     6.0034
  SAT     0     2     5.9349
  SAT     0     3     5.9744
  SAT     0     1     6.1714
  SAT     0     4     6.1261
  SAT     0     2     6.1895
  SAT     0     4     6.0379
  SAT     0     3     6.1147
  SAT     0     0     6.0860
  SAT     0     0     6.0269
  SAT     0     0     5.9446
  SAT     0     0     5.8536
  SAT     0     1     5.9813
  SAT     0     4     6.2999
  SAT     0     3     5.9626
  SAT     0     3     5.8436
  SAT     0     1     6.1223
  SAT     0     2     6.4092
  SAT     0     2     5.9078
  SAT     0     5     5.9389
  SAT     0     3     6.1286
  SAT     0     0     5.8213
  SAT     0     2     6.3419
  SAT     0     3     5.9856
  SAT     0     2     6.0207
  SAT     0     1     6.0084
  SAT     0     0     6.1754
  SAT     0     1     5.9649
  SAT     0     2     5.8079
  SAT     0     0     6.1426
  SAT     0     2     6.1314
  SAT     0     0     6.1305
  SAT     0     2     6.0538
  SAT     0     0     6.3070
  SAT     0     2     6.2808
  SAT     0     1     5.9516
  SAT     0     2     5.9891
  SAT     0     1     5.8794
  SAT     0     1     6.2084
  SAT     0     5     6.0670
  SAT     0     1     6.2280
  SAT     0     1     6.0425
  SAT     0     2     5.9667
  SAT     0     0     5.9930
  SAT     0     1     6.0543
  SAT     0     2     6.0053
  SAT     0     1     5.9640
  SAT     0     4     6.0522
  SAT     0     1     5.9081
  SAT     0     2     6.0323
  SAT     0     3     6.1804
  SAT     0     1     5.9864
  SAT     0     2     6.0056
  SAT     0     2     5.9537
  SAT     0     2     6.1367
  SAT     0     1     6.1368
  SAT     0     3     6.1416
  SAT     0     2     6.2619
  SAT     0     1     6.1461
  SAT     0     3     6.0709
  SAT     0     2     6.1505
  SAT     0     3     6.1123
  SAT     0     1     6.1738
  SAT     0     2     6.1634
  SAT     0     1     5.9384
  SAT     0     2     6.1222
  SAT     0     2     6.0519
  SAT     0     2     6.2744
  SAT     0     1     6.0628
  SAT     0     2     6.0091
  SAT     0     2     6.1152
  SAT     0     1     6.1959
  SAT     0     1     6.0587
  SAT     0     1     6.0858
  SAT     0     1     5.9522
  SAT     0     1     6.0098
  SAT     0     2     6.0640
  SAT     0     1     5.9587
  SAT     0     1     6.1074
  SAT     0     0     6.0510
  SAT     0     1     5.9218
  SAT     0     2     6.0986
  SAT     0     0     5.9265
  SAT     0     2     6.0200
  SAT     0     3     6.0660
  SAT     0     2     5.9978
  SAT     0     2     6.1382
  SAT     0     2     6.0712
  SAT     0     2     6.0155
  SAT     0     1     5.9756
  SAT     0     3     6.2258
  SAT     0     3     6.0380
  SAT     0     4     5.8682
  SAT     0     0     6.3134
  SAT     0     2     5.9693
  SAT     0     1     5.8182
  SAT     0     3     6.1786
  SAT     0     2     6.1063
  SAT     0     4     5.8912
  SAT     0     3     6.0015
  SAT     0     1     6.0502
  SAT     0     1     5.9468
  SAT     0     2     6.1751
  SAT     0     2     6.0703
  SAT     0     4     6.0460
  SAT     0     3     6.0777
  SAT     0     2     6.0950
  SAT     0     1     5.9756
  SAT     0     2     5.9855
  SAT     0     1     6.2132
  SAT     0     2     6.0135
  SAT     0     0     6.1135
  SAT     0     2     6.0265
  SAT     0     0     6.0834
  SAT     0     1     6.2182
  SAT     0     1     5.9858
  SAT     0     3     6.0093
  SAT     0     2     6.3924
  SAT     0     2     5.8488
  SAT     0     1     5.8586
  SAT     0     2     6.1514
  SAT     0     1     6.3995
  SAT     0     2     5.8944
  SAT     0     2     6.0148
  SAT     0     1     6.0513
  SAT     0     3     5.8149
  SAT     0     2     6.1191
  SAT     0     2     6.1001
  SAT     0     2     5.8327
  SAT     0     3     6.0917
  SAT     0     3     6.0347
  SAT     0     1     5.8792
  SAT     0     0     6.0296
  SAT     0     1     5.9845
  SAT     0     1     6.2427
  SAT     0     2     5.9378
  SAT     0     2     5.8530
  SAT     0     0     6.2847
  SAT     0     2     6.3603
  SAT     0     2     5.9901
  SAT     0     0     6.0480
  SAT     0     2     5.9331
  SAT     0     2     6.1463
  SAT     0     1     5.9165
  SAT     0     0     6.1689
  SAT     0     4     6.2829
  SAT     0     2     5.9017
  SAT     0     2     5.8852
  SAT     0     2     6.1785
  SAT     0     1     6.2972
  SAT     0     2     5.8747
  SAT     0     1     5.9175
  SAT     0     1     5.9414
  SAT     0     1     6.1857
  SAT     0     1     5.9448
  SAT     0     3     5.9951
  SAT     0     2     5.9294
  SAT     0     1     6.0545
  SAT     0     1     5.9254
  SAT     0     1     5.9727
  SAT     0     3     5.8970
  SAT     0     1     6.2133
  SAT     0     1     6.0321
  SAT     0     3     5.9961
  SAT     0     2     6.0490
  SAT     0     1     5.8838
  SAT     0     1     6.0235
  SAT     0     1     5.9050
  SAT     0     2     6.0527
  SAT     0     1     6.1035
  SAT     0     3     6.0816
  SAT     0     2     6.0374
  SAT     0     2     5.9463
  SAT     0     1     5.7699
  SAT     0     1     6.3529
  SAT     0     1     6.0106
  SAT     0     1     6.1576
  SAT     0     1     5.9734
  SAT     0     3     6.0771
  SAT     0     2     5.7608
  SAT     0     3     6.1785
  SAT     0     2     6.1072
  SAT     0     2     6.1615
  SAT     0     1     6.3079
  SAT     0     1     6.0143
  SAT     0     0     6.1576
  SAT     0     2     6.0568
  SAT     0     1     6.3386
  SAT     0     2     5.9791
  SAT     0     2     6.1207
  SAT     0     1     5.9251
  SAT     0     2     5.7855
  SAT     0     3     6.2242
  SAT     0     2     6.0140
  SAT     0     2     6.0731
