  SAT     0     1     6.0279
  SAT     0     0     6.0971
  SAT     0     2     6.0675
  SAT     0     0     6.3849
  SAT     0     0     6.0394
  SAT     0     1     6.1299
  SAT     0     0     6.0707
  SAT     0     0     6.0914
  SAT     0     0     5.9878
  SAT     0     1     6.3361
  SAT     0     3     6.1894
  SAT     0     0     6.0053
  SAT     0     2     5.9594
  SAT     0     2     6.1296
  SAT     0     1     6.1178
  SAT     0     3     6.2559
  SAT     0     0     6.2693
  SAT     0     0     6.1226
  SAT     0     0     6.2205
  SAT     0     0     6.4524
  SAT     0     0     6.0058
  SAT     0     1     5.8951
  SAT     0     2     6.3975
  SAT     0     0     6.1367
  SAT     0     2     5.9532
  SAT     0     3     6.0675
  SAT     0     1     6.0896
  SAT     0     2     6.0708
  SAT     0     0     5.9600
  SAT     0     0     6.1576
  SAT     0     1     5.9326
  SAT     0     0     6.1169
  SAT     0     1     6.1541
  SAT     0     0     6.1968
  SAT     0     1     6.1122
  SAT     0     4     6.3026
  SAT     0     1     6.0429
  SAT     0     1     6.1609
  SAT     0     0     6.2629
  SAT     0     1     5.9912
  SAT     0     2     6.3359
  SAT     0     0     6.0343
  SAT     0     0     6.0480
  SAT     0     2     6.1873
  SAT     0     1     6.1399
  SAT     0     3     5.9829
  SAT     0     0     6.1230
  SAT     0     0     6.0247
  SAT     0     1     6.1494
  SAT     0     1     6.3093
  SAT     0     0     6.1187
  SAT     0     0     6.0971
  SAT     0     2     6.0031
  SAT     0     0     5.8119
  SAT     0     2     6.2636
  SAT     0     2     6.3162
  SAT     0     0     6.1232
  SAT     0     0     6.0524
  SAT     0     1     5.8747
  SAT     0     1     6.1729
  SAT     0     1     6.4546
  SAT     0     0     5.9410
  SAT     0     1     6.1778
  SAT     0     0     6.0800
  SAT     0     0     6.0830
  SAT     0     2     6.3738
  SAT     0     0     6.0672
  SAT     0     1     6.1101
  SAT     0     0     6.2942
  SAT     0     0     6.1884
  SAT     0     2     6.1994
  SAT     0     1     6.2441
  SAT     0     1     6.2204
  SAT     0     2     6.2737
  SAT     0     0     5.8494
  SAT     0     0     6.2366
  SAT     0     0     6.2738
  SAT     0     0     6.4448
  SAT     0     1     6.1018
  SAT     0     1     6.1399
  SAT     0     1     6.0003
  SAT     0     2     6.1007
  SAT     0     0     5.9883
  SAT     0     1     6.1340
  SAT     0     0     6.2207
  SAT     0     1     6.2383
  SAT     0     1     6.4151
  SAT     0     0     5.9324
  SAT     0     3     6.1422
  SAT     0     2     6.0268
  SAT     0     1     6.1025
  SAT     0     1     6.0191
  SAT     0     2     6.1447
  SAT     0     0     5.9533
  SAT     0     0     6.1871
  SAT     0     2     6.4491
  SAT     0     2     6.0759
  SAT     0     1     6.0570
  SAT     0     3     6.0786
  SAT     0     0     5.9698
  SAT     0     0     5.8424
  SAT     0     0     6.1870
  SAT     0     1     6.2658
  SAT     0     1     6.1059
  SAT     0     0     6.3311
  SAT     0     0     6.0162
  SAT     0     0     5.9598
  SAT     0     1     6.1726
  SAT     0     2     6.2166
  SAT     0     0     6.2579
  SAT     0     1     6.4546
  SAT     0     0     5.9274
  SAT     0     2     5.9063
  SAT     0     0     6.4461
  SAT     0     1     6.0729
  SAT     0     1     6.0555
  SAT     0     1     6.1047
  SAT     0     0     6.1759
  SAT     0     2     6.0294
  SAT     0     2     6.1568
  SAT     0     1     6.0278
  SAT     0     1     5.9956
  SAT     0     1     6.2276
  SAT     0     2     5.9569
  SAT     0     2     6.1742
  SAT     0     1     6.2039
  SAT     0     0     6.1914
  SAT     0     1     5.9739
  SAT     0     3     6.0285
  SAT     0     3     6.1117
  SAT     0     1     6.1017
  SAT     0     2     6.2081
  SAT     0     1     6.1108
  SAT     0     2     6.1622
  SAT     0     0     6.0948
  SAT     0     0     6.1280
  SAT     0     3     6.3026
  SAT     0     0     5.9950
  SAT     0     1     6.0349
  SAT     0     2     6.0489
  SAT     0     1     6.2113
  SAT     0     1     6.0466
  SAT     0     1     6.0778
  SAT     0     1     6.0691
  SAT     0     0     5.9092
  SAT     0     2     6.1363
  SAT     0     0     6.1483
  SAT     0     2     5.9668
  SAT     0     2     5.8095
  SAT     0     0     6.3461
  SAT     0     0     6.1080
  SAT     0     3     6.0217
  SAT     0     1     6.2951
  SAT     0     2     5.9998
  SAT     0     1     5.9547
  SAT     0     0     6.3626
  SAT     0     2     5.9608
  SAT     0     1     5.9255
  SAT     0     1     6.2888
  SAT     0     0     6.0640
  SAT     0     0     5.8862
  SAT     0     0     6.4060
  SAT     0     0     5.9439
  SAT     0     4     5.9953
  SAT     0     0     6.0447
  SAT     0     1     6.2686
  SAT     0     2     6.0932
  SAT     0     1     6.0289
  SAT     0     2     6.1483
  SAT     0     0     6.1543
  SAT     0     0     6.1353
  SAT     0     1     6.1785
  SAT     0     1     6.1490
  SAT     0     0     6.1152
  SAT     0     2     6.3152
  SAT     0     1     6.3478
  SAT     0     1     6.1258
  SAT     0     2     6.4688
  SAT     0     2     6.0527
  SAT     0     0     6.0743
  SAT     0     3     6.1856
  SAT     0     2     6.0774
  SAT     0     0     6.2629
  SAT     0     0     6.2096
  SAT     0     0     6.1803
  SAT     0     1     6.0707
  SAT     0     0     6.2955
  SAT     0     1     5.9311
  SAT     0     0     6.2156
  SAT     0     1     6.4537
  SAT     0     2     6.0291
  SAT     0     1     5.8549
  SAT     0     1     6.1176
  SAT     0     2     6.0879
  SAT     0     1     6.1587
  SAT     0     0     6.4676
  SAT     0     1     5.9684
  SAT     0     1     6.0757
  SAT     0     1     5.9832
  SAT     0     3     5.9853
  SAT     0     0     6.0214
  SAT     0     0     6.4433
  SAT     0     2     5.9788
  SAT     0     0     6.1556
  SAT     0     1     5.9630
  SAT     0     1     6.1365
  SAT     0     2     5.9999
  SAT     0     3     6.2261
  SAT     0     1     6.1747
  SAT     0     1     6.1552
  SAT     0     0     6.1619
  SAT     0     1     6.1424
  SAT     0     2     6.2838
  SAT     0     2     6.0210
  SAT     0     1     6.4023
  SAT     0     1     5.9298
  SAT     0     1     5.9544
  SAT     0     0     6.3756
  SAT     0     0     6.0157
  SAT     0     2     6.1151
  SAT     0     2     6.1475
  SAT     0     0     5.9501
  SAT     0     0     6.1366
  SAT     0     1     6.1400
  SAT     0     0     6.2236
  SAT     0     1     6.1552
  SAT     0     2     6.2751
  SAT     0     0     6.3760
  SAT     0     1     6.0540
  SAT     0     2     6.0749
  SAT     0     1     6.1532
  SAT     0     1     6.1104
  SAT     0     0     6.2173
  SAT     0     1     6.1814
  SAT     0     2     6.0815
  SAT     0     0     6.2118
  SAT     0     2     6.4575
  SAT     0     0     5.9491
  SAT     0     2     6.0796
  SAT     0     1     6.0051
  SAT     0     0     5.8807
  SAT     0     0     6.2801
  SAT     0     2     5.8826
  SAT     0     1     6.1482
  SAT     0     3     5.9310
  SAT     0     2     6.0144
  SAT     0     2     6.0973
  SAT     0     0     6.2419
  SAT     0     0     6.1642
  SAT     0     1     6.0592
  SAT     0     1     6.1897
  SAT     0     1     6.1161
  SAT     0     0     6.1977
  SAT     0     1     6.1463
  SAT     0     1     5.9713
  SAT     0     2     6.1221
  SAT     0     0     5.9801
  SAT     0     0     5.9957
  SAT     0     1     6.3373
  SAT     0     3     6.0439
  SAT     0     1     5.9167
  SAT     0     3     6.2544
  SAT     0     3     6.0209
  SAT     0     0     6.0543
  SAT     0     1     6.0952
  SAT     0     0     6.2127
  SAT     0     1     6.4077
  SAT     0     1     5.9733
  SAT     0     2     5.8675
  SAT     0     1     6.3123
  SAT     0     0     5.9814
  SAT     0     1     5.8950
  SAT     0     1     6.2734
  SAT     0     1     6.1495
  SAT     0     1     5.9707
  SAT     0     0     5.9798
  SAT     0     1     6.1260
  SAT     0     1     5.9996
  SAT     0     0     6.1266
  SAT     0     1     5.9876
  SAT     0     2     6.2504
  SAT     0     1     6.1750
  SAT     0     1     5.9734
  SAT     0     2     5.9177
  SAT     0     1     6.4255
  SAT     0     0     6.0383
  SAT     0     1     6.1294
  SAT     0     3     6.1670
  SAT     0     3     6.1325
  SAT     0     0     6.2690
  SAT     0     1     6.2931
  SAT     0     1     6.1391
  SAT     0     2     5.9891
  SAT     0     0     5.8147
  SAT     0     1     6.2842
  SAT     0     0     6.2548
  SAT     0     1     6.1176
  SAT     0     1     6.1506
  SAT     0     1     6.0280
  SAT     0     1     6.1195
  SAT     0     1     5.9499
  SAT     0     3     6.0349
  SAT     0     0     5.9655
  SAT     0     1     5.8005
  SAT     0     1     6.3313
  SAT     0     2     6.0021
  SAT     0     1     6.1058
  SAT     0     1     6.0791
  SAT     0     0     5.9496
  SAT     0     1     6.1599
  SAT     0     2     6.4655
  SAT     0     1     5.9532
  SAT     0     0     6.1149
  SAT     0     1     6.1419
  SAT     0     2     6.3274
  SAT     0     1     6.2959
  SAT     0     0     6.0007
  SAT     0     0     6.3016
  SAT     0     1     5.9622
  SAT     0     2     6.0085
  SAT     0     2     6.2602
  SAT     0     2     5.8572
  SAT     0     3     6.3643
  SAT     0     0     6.0675
  SAT     0     2     5.9253
  SAT     0     2     6.1121
  SAT     0     1     6.2407
  SAT     0     1     5.9340
  SAT     0     2     6.0624
  SAT     0     1     6.1689
  SAT     0     2     6.0249
  SAT     0     0     5.8642
  SAT     0     4     6.1400
  SAT     0     0     6.1498
  SAT     0     3     6.2846
  SAT     0     1     6.1207
  SAT     0     1     6.0810
  SAT     0     4     5.8244
  SAT     0     2     6.4194
  SAT     0     1     5.9886
  SAT     0     0     5.9955
  SAT     0     2     6.2084
  SAT     0     0     6.1562
  SAT     0     0     5.8885
  SAT     0     1     6.2385
  SAT     0     0     6.0395
  SAT     0     1     6.0546
  SAT     0     1     6.2082
  SAT     0     0     6.1661
  SAT     0     0     5.9361
  SAT     0     1     6.0087
  SAT     0     1     6.2919
  SAT     0     0     6.3111
  SAT     0     0     5.9963
  SAT     0     1     5.8537
  SAT     0     1     6.1840
  SAT     0     1     6.0664
  SAT     0     0     6.0017
  SAT     0     1     6.1080
  SAT     0     0     6.1138
  SAT     0     1     5.9082
  SAT     0     2     6.0007
  SAT     0     0     5.9545
  SAT     0     2     6.2470
  SAT     0     1     6.0060
  SAT     0     0     6.2282
  SAT     0     1     6.0365
  SAT     0     1     6.2617
  SAT     0     1     6.0676
  SAT     0     1     6.0208
  SAT     0     1     5.9960
  SAT     0     1     6.1831
  SAT     0     1     6.2710
  SAT     0     1     6.1062
  SAT     0     1     6.1532
  SAT     0     0     6.0790
  SAT     0     2     6.2378
  SAT     0     0     6.1786
  SAT     0     1     6.2430
  SAT     0     0     6.0842
  SAT     0     1     6.0854
  SAT     0     0     6.0890
  SAT     0     0     6.3148
  SAT     0     0     6.0389
  SAT     0     1     5.9283
  SAT     0     1     6.3295
  SAT     0     1     6.1731
  SAT     0     2     5.9180
  SAT     0     0     6.1148
  SAT     0     1     6.1827
  SAT     0     3     5.9153
  SAT     0     1     6.1437
  SAT     0     1     6.0584
  SAT     0     1     6.0079
  SAT     0     1     6.1148
  SAT     0     1     6.0621
  SAT     0     2     6.2015
  SAT     0     0     6.0253
  SAT     0     1     6.1775
  SAT     0     1     6.0615
  SAT     0     0     6.2534
  SAT     0     1     6.1404
  SAT     0     1     6.0392
  SAT     0     1     5.9488
  SAT     0     1     6.1950
  SAT     0     1     6.0441
  SAT     0     0     6.1148
  SAT     0     3     6.1084
  SAT     0     2     6.2118
  SAT     0     1     6.1322
  SAT     0     0     6.3711
  SAT     0     1     5.9871
  SAT     0     1     6.1413
  SAT     0     2     6.1011
  SAT     0     2     5.9285
  SAT     0     3     5.9964
  SAT     0     1     5.8894
  SAT     0     1     6.2797
  SAT     0     2     5.8262
  SAT     0     1     6.3575
  SAT     0     1     5.9635
  SAT     0     1     5.9193
  SAT     0     1     6.2224
  SAT     0     4     5.9308
  SAT     0     1     5.7974
  SAT     0     1     6.1793
  SAT     0     2     6.2409
  SAT     0     0     6.4393
  SAT     0     1     5.8578
  SAT     0     1     6.1287
  SAT     0     1     5.9158
  SAT     0     0     6.4001
  SAT     0     1     5.9717
  SAT     0     1     5.9411
  SAT     0     1     6.1151
  SAT     0     1     6.0375
  SAT     0     0     6.0277
  SAT     0     1     6.0649
  SAT     0     0     6.1168
  SAT     0     0     6.1625
  SAT     0     1     6.2176
  SAT     0     2     6.2785
  SAT     0     1     5.9191
  SAT     0     1     6.0956
  SAT     0     2     6.1527
  SAT     0     1     6.0314
  SAT     0     2     6.2548
  SAT     0     1     6.1434
  SAT     0     2     6.1051
  SAT     0     0     5.9709
  SAT     0     2     5.9972
  SAT     0     1     6.2117
  SAT     0     0     5.9513
  SAT     0     2     5.9028
  SAT     0     1     6.0421
  SAT     0     3     6.1549
  SAT     0     1     6.0559
  SAT     0     1     6.0709
  SAT     0     1     5.8662
  SAT     0     1     6.0009
  SAT     0     1     6.1604
  SAT     0     0     5.8750
  SAT     0     2     6.1654
  SAT     0     2     6.0942
  SAT     0     2     6.0388
  SAT     0     1     5.9192
  SAT     0     2     6.0980
  SAT     0     2     6.0486
  SAT     0     0     5.9099
  SAT     0     1     5.8836
  SAT     0     1     6.1428
  SAT     0     1     6.2397
  SAT     0     2     6.0471
  SAT     0     1     6.0176
  SAT     0     2     5.8431
  SAT     0     1     5.9735
  SAT     0     3     6.2046
  SAT     0     2     6.2376
  SAT     0     1     6.1037
  SAT     0     0     6.4091
  SAT     0     1     5.8816
  SAT     0     1     5.9566
  SAT     0     2     6.3699
  SAT     0     1     5.8261
  SAT     0     1     6.4174
  SAT     0     1     5.9726
  SAT     0     1     6.0911
  SAT     0     1     6.2609
  SAT     0     2     6.0476
  SAT     0     0     6.0221
  SAT     0     2     6.2218
  SAT     0     1     6.0952
  SAT     0     0     6.0261
  SAT     0     2     5.9850
  SAT     0     1     6.0556
  SAT     0     3     6.3431
  SAT     0     1     6.0630
  SAT     0     0     6.0772
  SAT     0     2     5.9354
  SAT     0     1     6.1423
  SAT     0     0     6.0643
  SAT     0     0     6.1254
  SAT     0     2     6.0444
  SAT     0     2     6.1449
  SAT     0     2     6.1199
  SAT     0     1     6.0670
  SAT     0     1     6.1475
  SAT     0     1     6.0267
  SAT     0     0     5.9208
  SAT     0     1     6.3468
  SAT     0     4     5.9725
  SAT     0     0     5.9198
  SAT     0     0     5.9692
  SAT     0     2     6.1895
  SAT     0     2     6.0027
  SAT     0     0     6.1643
  SAT     0     1     6.2483
  SAT     0     1     6.3675
  SAT     0     2     5.9583
  SAT     0     1     5.9620
  SAT     0     0     5.9838
  SAT     0     1     6.0243
  SAT     0     0     6.1610
  SAT     0     0     6.0807
  SAT     0     0     6.2308
  SAT     0     1     6.0948
  SAT     0     0     6.0650
  SAT     0     1     6.0196
  SAT     0     1     6.1596
  SAT     0     1     5.9843
  SAT     0     1     6.0385
  SAT     0     2     5.9280
  SAT     0     4     6.0540
  SAT     0     1     6.1703
  SAT     0     1     6.1340
  SAT     0     1     5.9577
  SAT     0     2     6.0366
  SAT     0     2     6.2276
  SAT     0     2     6.3807
  SAT     0     1     6.0357
  SAT     0     1     6.0457
  SAT     0     1     6.1102
  SAT     0     2     5.9513
  SAT     0     1     5.8670
  SAT     0     1     6.2821
  SAT     0     1     5.8974
  SAT     0     1     6.5099
  SAT     0     2     5.9422
  SAT     0     1     6.0075
  SAT     0     1     6.0297
  SAT     0     3     6.0048
  SAT     0     1     6.1131
  SAT     0     2     6.0343
  SAT     0     1     5.9752
  SAT     0     1     5.9550
  SAT     0     1     6.0278
  SAT     0     2     5.9391
  SAT     0     2     6.2001
  SAT     0     0     6.1476
  SAT     0     0     6.1876
  SAT     0     0     6.1484
  SAT     0     0     6.1635
  SAT     0     3     5.9979
  SAT     0     0     6.0982
  SAT     0     1     6.1799
  SAT     0     1     5.9789
  SAT     0     1     6.0509
  SAT     0     2     6.1113
  SAT     0     1     5.9894
  SAT     0     0     6.0346
  SAT     0     2     6.0267
  SAT     0     2     6.1744
  SAT     0     1     5.9768
  SAT     0     1     6.0931
  SAT     0     1     6.0954
  SAT     0     2     6.0837
  SAT     0     0     6.0377
  SAT     0     2     6.2017
  SAT     0     1     5.9315
  SAT     0     2     6.0337
  SAT     0     2     6.0249
  SAT     0     0     5.9124
  SAT     0     1     6.1482
  SAT     0     1     6.0430
  SAT     0     2     5.9159
  SAT     0     2     5.9680
  SAT     0     1     6.2838
  SAT     0     1     6.2452
  SAT     0     1     6.0727
  SAT     0     2     6.0036
  SAT     0     1     5.9837
  SAT     0     2     6.2475
  SAT     0     0     6.0430
  SAT     0     2     6.1270
  SAT     0     1     5.9037
  SAT     0     2     6.1804
  SAT     0     0     6.0732
  SAT     0     2     6.0089
  SAT     0     1     6.3676
  SAT     0     1     5.9290
  SAT     0     0     6.1372
  SAT     0     1     5.9714
  SAT     0     3     5.8702
  SAT     0     1     6.1152
  SAT     0     1     6.1025
  SAT     0     1     6.2469
  SAT     0     1     5.9964
  SAT     0     2     6.2405
  SAT     0     1     5.9537
  SAT     0     1     5.9955
  SAT     0     1     6.0704
  SAT     0     2     6.2386
  SAT     0     1     5.9357
  SAT     0     0     6.0337
  SAT     0     1     6.3543
  SAT     0     2     6.0083
  SAT     0     1     6.0593
  SAT     0     2     6.1510
  SAT     0     2     6.1763
  SAT     0     2     6.0560
  SAT     0     0     6.4584
  SAT     0     1     5.9245
  SAT     0     0     6.1229
  SAT     0     2     5.8676
  SAT     0     0     6.0972
  SAT     0     1     5.9214
  SAT     0     2     6.1380
  SAT     0     1     6.1885
  SAT     0     1     6.2316
  SAT     0     0     6.0212
  SAT     0     3     6.1347
  SAT     0     1     6.1893
  SAT     0     1     6.3524
  SAT     0     1     5.9750
  SAT     0     1     5.9067
  SAT     0     1     6.1937
  SAT     0     1     6.0897
  SAT     0     2     6.0724
  SAT     0     1     6.0534
  SAT     0     1     6.0757
  SAT     0     1     5.9847
  SAT     0     1     6.0376
  SAT     0     0     6.2650
  SAT     0     0     5.9680
  SAT     0     0     6.4138
  SAT     0     1     5.8897
  SAT     0     2     6.1594
  SAT     0     2     5.9959
  SAT     0     1     5.8057
  SAT     0     1     6.2279
  SAT     0     1     6.4141
  SAT     0     0     6.0027
  SAT     0     1     5.7876
  SAT     0     2     6.4225
  SAT     0     0     5.9921
  SAT     0     1     6.0162
  SAT     0     0     6.0309
  SAT     0     1     6.3151
  SAT     0     2     6.0005
  SAT     0     1     6.0254
  SAT     0     2     6.0034
  SAT     0     1     6.1199
  SAT     0     1     6.0717
  SAT     0     1     6.1478
  SAT     0     0     6.1082
  SAT     0     2     6.4428
  SAT     0     1     5.9301
  SAT     0     2     5.9236
  SAT     0     1     6.1575
  SAT     0     2     5.9332
  SAT     0     2     6.0925
  SAT     0     1     5.9401
  SAT     0     1     6.1420
  SAT     0     2     5.8885
  SAT     0     1     6.1055
  SAT     0     2     6.1195
  SAT     0     1     6.1326
  SAT     0     0     5.9606
  SAT     0     2     6.0577
  SAT     0     2     6.1025
  SAT     0     1     5.8856
  SAT     0     0     6.1508
  SAT     0     0     5.9443
  SAT     0     1     6.0332
  SAT     0     1     6.0876
  SAT     0     1     5.9218
  SAT     0     1     6.2248
  SAT     0     2     6.1420
  SAT     0     1     6.2795
  SAT     0     1     6.1094
  SAT     0     1     5.9184
  SAT     0     1     5.9798
  SAT     0     1     6.0207
  SAT     0     1     6.3823
  SAT     0     2     5.8752
  SAT     0     1     6.2581
  SAT     0     2     5.9756
  SAT     0     2     6.0186
  SAT     0     0     6.3882
  SAT     0     2     6.0576
  SAT     0     1     5.8577
  SAT     0     2     6.4422
  SAT     0     1     6.0332
  SAT     0     1     5.9941
  SAT     0     1     6.0598
  SAT     0     1     6.1573
  SAT     0     2     6.0248
  SAT     0     0     5.7779
  SAT     0     2     6.2757
  SAT     0     1     6.0071
  SAT     0     0     6.1283
  SAT     0     2     6.0811
  SAT     0     1     5.8797
  SAT     0     1     6.1316
  SAT     0     1     5.9177
  SAT     0     1     5.8790
  SAT     0     0     6.2191
  SAT     0     0     6.1664
  SAT     0     1     5.9121
  SAT     0     0     6.0874
  SAT     0     1     6.2230
  SAT     0     1     6.4107
  SAT     0     1     5.9552
  SAT     0     2     5.9096
  SAT     0     1     5.9394
  SAT     0     1     6.4461
  SAT     0     1     5.9210
  SAT     0     1     5.9592
  SAT     0     1     6.0770
  SAT     0     2     6.3015
  SAT     0     2     6.0221
  SAT     0     3     5.9836
  SAT     0     4     5.7862
  SAT     0     3     6.1653
  SAT     0     2     6.0423
  SAT     0     1     6.2542
  SAT     0     1     6.0167
  SAT     0     1     6.0826
  SAT     0     1     5.9208
  SAT     0     1     6.1965
  SAT     0     1     6.0322
  SAT     0     1     6.0318
  SAT     0     0     5.9676
  SAT     0     1     6.0788
  SAT     0     2     5.9288
  SAT     0     1     5.9536
  SAT     0     1     6.0420
  SAT     0     1     6.2631
  SAT     0     1     5.9523
  SAT     0     1     5.8529
  SAT     0     1     6.3740
  SAT     0     2     5.9170
  SAT     0     1     5.8230
  SAT     0     2     6.0999
  SAT     0     0     6.2280
  SAT     0     2     6.1333
  SAT     0     1     6.3417
  SAT     0     1     5.9361
  SAT     0     1     6.1377
  SAT     0     2     5.9348
  SAT     0     1     5.8486
  SAT     0     1     6.3701
  SAT     0     2     5.8674
  SAT     0     3     6.2799
  SAT     0     1     5.9362
  SAT     0     2     6.1267
  SAT     0     1     6.1332
  SAT     0     1     5.8921
  SAT     0     0     6.1532
  SAT     0     1     5.9950
  SAT     0     1     6.1175
  SAT     0     1     5.9677
  SAT     0     1     5.9737
  SAT     0     0     6.0867
  SAT     0     1     5.9606
  SAT     0     0     6.1567
  SAT     0     1     6.1064
  SAT     0     1     6.2922
  SAT     0     1     5.9249
  SAT     0     1     5.9264
  SAT     0     1     6.0058
  SAT     0     1     6.2009
  SAT     0     2     6.0361
  SAT     0     2     6.1392
  SAT     0     1     6.0790
  SAT     0     1     6.2463
  SAT     0     1     6.0768
  SAT     0     1     6.0233
  SAT     0     2     6.0024
  SAT     0     1     6.2878
  SAT     0     2     5.9849
  SAT     0     0     6.0781
  SAT     0     0     6.0988
  SAT     0     1     6.0922
  SAT     0     0     6.1791
  SAT     0     1     6.1509
  SAT     0     2     6.1543
  SAT     0     1     6.2127
  SAT     0     0     6.1914
  SAT     0     2     5.9791
  SAT     0     1     6.0665
  SAT     0     3     6.0557
  SAT     0     2     6.1214
  SAT     0     1     6.0320
  SAT     0     2     5.9594
  SAT     0     1     6.0326
  SAT     0     1     6.2004
  SAT     0     1     5.9338
  SAT     0     2     5.9297
  SAT     0     2     6.1841
  SAT     0     1     6.1039
  SAT     0     2     6.3764
  SAT     0     2     6.0647
  SAT     0     0     5.9070
  SAT     0     0     6.1018
  SAT     0     0     6.0555
  SAT     0     0     6.1108
  SAT     0     2     6.0914
  SAT     0     1     5.9422
  SAT     0     1     6.0939
  SAT     0     2     6.1516
  SAT     0     1     5.9631
  SAT     0     1     5.9885
  SAT     0     1     6.0431
  SAT     0     1     6.1034
  SAT     0     1     6.1021
  SAT     0     0     6.0239
  SAT     0     1     6.0532
  SAT     0     3     6.1136
  SAT     0     1     6.0200
  SAT     0     1     5.9297
  SAT     0     0     5.9553
  SAT     0     1     5.9016
  SAT     0     1     6.1202
  SAT     0     0     6.1087
  SAT     0     2     5.9275
  SAT     0     0     6.0602
  SAT     0     1     5.9791
  SAT     0     0     6.1434
  SAT     0     1     5.9850
  SAT     0     1     5.9964
  SAT     0     1     6.0947
  SAT     0     2     5.9695
  SAT     0     1     5.8121
  SAT     0     3     6.1224
  SAT     0     1     6.1106
  SAT     0     1     6.2087
  SAT     0     2     6.2758
  SAT     0     0     5.9433
  SAT     0     1     5.9640
  SAT     0     1     6.0684
  SAT     0     1     6.0370
  SAT     0     1     5.9014
  SAT     0     1     6.2197
  SAT     0     2     5.9142
  SAT     0     1     5.8165
  SAT     0     1     6.5068
  SAT     0     4     5.9160
  SAT     0     1     5.8038
  SAT     0     2     6.2518
  SAT     0     1     6.0460
  SAT     0     1     5.8495
  SAT     0     3     6.2708
  SAT     0     1     6.0571
  SAT     0     2     6.3281
  SAT     0     1     6.0204
  SAT     0     1     5.8901
  SAT     0     1     6.1798
  SAT     0     1     6.2107
  SAT     0     1     5.9508
  SAT     0     1     6.2604
  SAT     0     1     5.9313
  SAT     0     2     6.0654
  SAT     0     2     6.0447
  SAT     0     2     6.0288
  SAT     0     3     6.0136
  SAT     0     1     6.1200
  SAT     0     1     6.1133
  SAT     0     1     6.1706
  SAT     0     1     6.0560
  SAT     0     2     6.0200
  SAT     0     2     6.1783
  SAT     0     1     5.9557
  SAT     0     2     6.2182
  SAT     0     0     5.9241
  SAT     0     1     5.7447
  SAT     0     1     6.3027
  SAT     0     0     6.0755
  SAT     0     2     6.0770
  SAT     0     4     6.1297
  SAT     0     1     6.0928
  SAT     0     1     6.1713
  SAT     0     2     6.2004
  SAT     0     4     6.1518
  SAT     0     1     6.3732
  SAT     0     3     5.8955
  SAT     0     2     6.0511
  SAT     0     3     5.7589
  SAT     0     0     6.3036
  SAT     0     1     5.9752
  SAT     0     1     6.0416
  SAT     0     1     6.1453
  SAT     0     3     6.1306
  SAT     0     1     5.7949
  SAT     0     1     6.1723
  SAT     0     1     6.2762
  SAT     0     1     6.0031
  SAT     0     2     6.0303
  SAT     0     1     5.9845
  SAT     0     1     5.9835
  SAT     0     2     6.0679
  SAT     0     1     5.7694
  SAT     0     2     6.2446
  SAT     0     2     5.9072
  SAT     0     1     6.3622
  SAT     0     2     5.9982
  SAT     0     0     5.8741
  SAT     0     1     6.4057
  SAT     0     0     5.8987
  SAT     0     1     5.9139
  SAT     0     1     6.1208
  SAT     0     2     5.9511
  SAT     0     1     6.1407
  SAT     0     2     6.1689
  SAT     0     1     5.8483
  SAT     0     1     6.2035
  SAT     0     1     6.4260
  SAT     0     2     5.8788
  SAT     0     2     6.0019
  SAT     0     1     6.0627
  SAT     0     1     5.8700
  SAT     0     1     5.9872
  SAT     0     1     5.8911
  SAT     0     2     5.9602
  SAT     0     2     6.0098
  SAT     0     2     6.2178
  SAT     0     1     5.9829
  SAT     0     0     6.0094
  SAT     0     1     5.8763
  SAT     0     1     6.0202
  SAT     0     2     5.9107
  SAT     0     3     6.0897
  SAT     0     0     6.0967
  SAT     0     2     5.8875
  SAT     0     2     6.2735
  SAT     0     0     6.0025
  SAT     0     2     6.0029
  SAT     0     1     6.1525
  SAT     0     2     6.0966
  SAT     0     0     6.3419
  SAT     0     1     5.9636
  SAT     0     2     6.0521
  SAT     0     1     5.9351
  SAT     0     1     6.0745
  SAT     0     2     5.8848
  SAT     0     2     5.8623
  SAT     0     2     6.2853
  SAT     0     1     6.1423
  SAT     0     1     6.0283
  SAT     0     2     6.0157
  SAT     0     1     5.9790
  SAT     0     1     6.1467
  SAT     0     1     6.1109
  SAT     0     1     6.1289
  SAT     0     1     6.3177
  SAT     0     1     5.9479
  SAT     0     2     5.8365
  SAT     0     2     6.2440
  SAT     0     1     6.0290
  SAT     0     2     6.1035
  SAT     0     1     6.1554
  SAT     0     1     6.1096
  SAT     0     2     6.0571
  SAT     0     1     6.0519
  SAT     0     1     6.1245
  SAT     0     2     5.9232
  SAT     0     1     5.9594
  SAT     0     1     6.0747
  SAT     0     2     5.9003
  SAT     0     2     5.9045
  SAT     0     2     5.9393
  SAT     0     2     6.0705
  SAT     0     1     6.0916
  SAT     0     3     6.1192
  SAT     0     1     6.1313
  SAT     0     2     6.1251
  SAT     0     1     6.2532
  SAT     0     1     5.9760
  SAT     0     1     6.0201
  SAT     0     1     6.0168
  SAT     0     0     5.8004
  SAT     0     2     6.3688
  SAT     0     1     5.9410
  SAT     0     2     5.7282
  SAT     0     1     6.2676
  SAT     0     1     5.9646
  SAT     0     1     6.1939
  SAT     0     1     5.7348
  SAT     0     3     6.2328
  SAT     0     1     5.9241
