  SAT     0     3     6.3309
  SAT   172   231    11.9630
  SAT    18    36     6.1785
  SAT    17    41     6.3691
  SAT     0     2     6.0269
  SAT     9    27     6.0693
  SAT    17    39     6.4434
  SAT    29    61     6.6253
  SAT     0     1     6.0224
  SAT    34    87     7.3962
  SAT     6    14     6.1095
  SAT    27    65     6.8323
  SAT     0     0     5.6225
  SAT    56   110     7.4918
  SAT     2     4     6.0099
  SAT     0     3     5.8701
  SAT    10    36     5.9460
  SAT     8    33     6.2833
  SAT    19    42     6.5176
  SAT     0     0     5.6646
  SAT     0     6     5.9297
  SAT     0     9     6.0602
  SAT    18    82     6.5469
  SAT    67   115     7.6429
  SAT     4    35     6.1029
  SAT   277   316    15.4545
  SAT     0     7     5.8841
  SAT   113   184     9.4921
  SAT    33    92     7.3741
  SAT    63    89     7.3524
  SAT     0     0     5.7332
  SAT     0     4     5.9770
  SAT    12    44     6.2377
  SAT     3    15     5.8456
  SAT     0     0     5.8283
  SAT    13    38     6.4331
  SAT     0     5     5.6827
  SAT   167   217    11.7850
  SAT    28    87     6.8748
  SAT   122   184     9.5801
  SAT     0    10     5.9750
  SAT     0    14     6.0195
  SAT    50    92     7.3711
  SAT     3     5     5.9958
  SAT     0    18     5.8166
  SAT     0     1     5.8555
  SAT     3    11     5.7344
  SAT    16    47     6.2470
  SAT     0     5     5.9995
  SAT   137   176    10.5922
  SAT     0     1     5.7926
  SAT     0     2     5.6767
  SAT   113   154     8.9171
  SAT     0    17     5.8341
  SAT    72   136     8.6783
  SAT     2    15     5.8420
  SAT     0     1     6.0691
  SAT     4    36     5.8393
  SAT    13    34     6.1767
  SAT     0     1     5.8690
  SAT     0     0     5.8373
  SAT    85   145     8.8740
  SAT     0     3     5.9819
  SAT     0     1     5.7345
  SAT     0     2     5.8941
  SAT     0     8     5.8121
  SAT   296   352    15.1153
  SAT    15    61     6.5119
  SAT   434   507    18.1560
  SAT     0     0     5.8214
  SAT    36    74     7.0051
  SAT     0     2     5.8491
  SAT    13    32     6.3840
  SAT     0     3     5.6757
  SAT     0    15     5.9832
  SAT     0     5     5.9246
  SAT     0     1     6.1828
  SAT     0     2     5.7516
  SAT    13    35     5.9249
  SAT     2     5     6.0213
  SAT     4    22     5.8951
  SAT    20    73     6.7423
  SAT     0     1     5.7243
  SAT    16    40     6.0078
  SAT     0     5     6.1685
  SAT   104   146     9.3562
  SAT     0     1     5.9813
  SAT     0     5     5.8223
  SAT     0     2     5.8402
  SAT     0     0     5.9828
  SAT     0     1     5.8261
  SAT     0     9     5.9602
  SAT     8    20     5.9171
  SAT     0     9     6.0337
  SAT     0     9     5.7492
  SAT     0     0     5.7796
  SAT    23    38     6.0365
  SAT    51   101     7.6130
  SAT   173   207    11.4304
  SAT     0     1     5.9574
  SAT     0     3     5.8553
  SAT     0     4     6.0082
  SAT     0     1     5.7649
  SAT    14    31     6.1906
  SAT   268   318    16.2141
  SAT    10    20     5.9541
  SAT    18    61     6.3835
  SAT     4     5     5.8283
  SAT    17    51     6.3666
  SAT    13    33     6.1808
  SAT    24    46     6.2463
  SAT    13    24     6.0952
  SAT     0     7     5.9269
  SAT    11    54     6.3622
  SAT     3    15     5.8160
  SAT     8    25     6.1245
  SAT     3    33     6.0872
  SAT    11    24     5.9387
  SAT     1    23     6.1016
  SAT    64   118     8.0751
  SAT    16    38     6.2232
  SAT     0    14     5.9232
  SAT     0     3     5.9142
  SAT    13    24     5.9656
  SAT     0    10     5.7113
  SAT     5    15     6.2592
  SAT     0     1     5.7319
  SAT     0     9     5.7831
  SAT   208   290    11.9639
  SAT     0     1     6.0122
  SAT     7    16     6.0099
  SAT    17    47     6.1967
  SAT    72   124     8.0994
  SAT     0     5     5.6499
  SAT     0     4     6.1447
  SAT     0     1     5.7880
  SAT     9    33     6.2082
  SAT    16    40     6.1442
  SAT    19    50     6.3647
  SAT     6    13     6.1371
  SAT    15    33     6.0132
  SAT    27    48     6.3369
  SAT    33   107     7.0212
  SAT     0    11     6.0676
  SAT     0     0     5.7551
  SAT    29    47     6.1899
  SAT     8    19     6.1926
  SAT     0     5     5.8325
  SAT     0    11     5.8688
  SAT     0     0     6.0461
  SAT    11    17     6.0654
  SAT     0     3     5.7572
  SAT    51    73     7.0085
  SAT     6    14     5.8170
  SAT     0     3     5.9476
  SAT     1    24     6.0219
  SAT    11    22     6.0008
  SAT     0     4     5.8828
  SAT     0     2     5.9328
  SAT     4    15     5.7759
  SAT     0     0     5.9257
  SAT     0     4     6.2114
  SAT    54    69     7.2174
  SAT     0     1     5.7374
  SAT     0     2     5.5770
  SAT     0     0     5.8441
  SAT    51    90     7.3915
  SAT     0     4     5.9494
  SAT    11    50     6.3475
  SAT    34    90     6.6800
  SAT    11    25     5.9785
  SAT     0    26     6.0132
  SAT     0     2     5.6205
  SAT     0     1     5.8222
  SAT     2    10     6.0017
  SAT     0     6     6.0945
  SAT    18    46     6.0841
  SAT     0    28     5.8309
  SAT     9    42     6.2096
  SAT     0     0     5.8465
  SAT    10    33     6.1378
  SAT     0     0     5.6783
  SAT    14    32     6.2510
  SAT     5    10     5.7070
  SAT    57    85     7.2359
  SAT     0    10     5.7278
  SAT    26    59     6.6204
  SAT    11    21     6.2073
  SAT     0     4     5.8572
  SAT     0     1     5.7699
  SAT   162   200    10.0510
  SAT     0    12     5.6610
  SAT     0     5     5.9998
  SAT    21    29     6.3332
  SAT    39    88     7.2363
  SAT     0     1     5.8111
  SAT     0     2     6.0593
  SAT    34    60     6.5786
  SAT     0     5     5.8944
  SAT     0     4     5.8772
  SAT    17    53     6.2552
  SAT     0     0     5.8861
  SAT   102   149     8.0995
  SAT    37    93     6.6675
  SAT    19    42     6.2953
  SAT    41    53     6.8005
  SAT     0     1     5.6615
  SAT     0    59     6.2716
  SAT     3     7     5.8467
  SAT   143   196    10.7055
  SAT     0     2     5.9591
  SAT    33    56     6.4988
  SAT     0     9     5.8805
  SAT     3    26     6.3112
  SAT     0     3     5.8022
  SAT   175   261    12.3685
  SAT     1    16     5.7734
  SAT     7    14     5.9333
  SAT   167   238    10.8200
  SAT     0     1     5.6119
  SAT    24    66     6.5168
  SAT   268   315    13.3796
  SAT     0     2     5.5880
  SAT    86   171     8.8973
  SAT     0     1     5.8842
  SAT     5    38     6.2090
  SAT     0     3     5.9195
  SAT    20    31     5.9915
  SAT    34    51     6.4791
  SAT     9    34     6.3317
  SAT     0     2     5.6323
  SAT    26    62     6.6454
  SAT     0    15     5.8001
  SAT     1    19     6.0434
  SAT     0     1     5.8129
  SAT   170   199    10.3186
  SAT    24    77     6.4647
  SAT     0    11     5.9386
  SAT     0     0     5.8094
  SAT    59   107     7.6123
  SAT   213   250    12.6355
  SAT     0     0     6.0291
  SAT    63   110     8.0896
  SAT    68    95     7.5849
  SAT    78   140     7.9211
  SAT     0    11     5.9915
  SAT    28    71     7.0159
  SAT    24    68     6.4731
  SAT     0     1     5.9426
  SAT     4     9     5.9235
  SAT     6    43     5.7893
  SAT     0     1     6.0850
  SAT    60    93     7.2153
  SAT    46    87     7.6423
  SAT     0     0     5.7395
  SAT     0     2     5.7403
  SAT    11    38     6.2532
  SAT    25    67     6.5384
  SAT    72   108     7.8430
  SAT     0     5     5.9293
  SAT    13    30     6.0791
  SAT    36    50     6.8591
  SAT     0     0     6.1138
  SAT     0     2     5.8175
  SAT     2     8     5.6820
  SAT     0     8     6.0874
  SAT     0     0     5.6224
  SAT     9    37     6.2561
  SAT    49    85     7.1489
  SAT     0    15     5.8114
  SAT     0     0     5.6714
  SAT    15    53     6.4159
  SAT     6    14     6.2709
  SAT     0     4     5.8244
  SAT     0    14     5.8315
  SAT    25    61     6.4569
  SAT     0     1     5.7219
  SAT   224   308    12.0236
  SAT     3    25     6.1168
  SAT     5    24     6.2259
  SAT     0     0     5.6793
  SAT     9    17     6.1457
  SAT    17    44     6.2968
  SAT   317   359    15.3288
  SAT     0     1     5.7463
  SAT     0     1     5.8863
  SAT     0     1     5.8169
  SAT     0     1     5.8119
  SAT     0     0     6.2115
  SAT     0    11     5.8736
  SAT     7    14     5.9846
  SAT    23    49     6.3310
  SAT    15    32     6.2119
  SAT    74   114     8.1374
  SAT     0     2     6.1535
  SAT     3    14     5.9508
  SAT     7    17     6.0348
  SAT    70   108     7.8659
  SAT     9    17     6.1530
  SAT    39    51     6.3757
  SAT     0     0     5.9408
  SAT   539   581    20.6930
  SAT     0     0     5.7450
  SAT     0     2     6.0255
  SAT     0     0     5.7804
  SAT     0     2     5.7142
  SAT    21    59     6.6111
  SAT    15    33     6.0223
  SAT   179   234    11.6481
  SAT     0     5     5.9137
  SAT     0     0     6.0447
  SAT     2     9     5.8033
  SAT    32    84     7.2267
  SAT    23    45     6.3608
  SAT     0     2     6.0075
  SAT    14    29     6.1140
  SAT    37    87     7.4936
  SAT     2     5     5.7482
  SAT     3     7     6.0616
  SAT     0     1     5.8115
  SAT     5    11     6.0478
  SAT    29    75     6.6186
  SAT    18    53     6.3892
  SAT     2     4     5.6668
  SAT     0     1     5.7782
  SAT    87   163     9.1236
  SAT     8    23     6.0101
  SAT     0     2     5.8765
  SAT     0     0     6.1812
  SAT     5    15     5.8598
  SAT    13    24     6.1640
  SAT   107   175     9.3227
  SAT     3    24     6.0666
  SAT   289   332    12.7558
  SAT     0     4     5.9462
  SAT     0     1     5.8406
  SAT    55    81     6.9852
  SAT     7    25     5.8780
  SAT     0     9     6.0866
  SAT    31    48     6.3563
  SAT    42    91     7.5343
  SAT    61    95     7.7771
  SAT    85   133     8.2754
  SAT     0     2     5.9029
  SAT     0     2     5.7084
  SAT     0     2     5.9958
  SAT     0     2     5.8174
  SAT     5    35     6.1398
  SAT     8    25     5.9767
  SAT     3     6     5.8966
  SAT    11    30     6.3269
  SAT    15    49     6.0923
  SAT     2    19     5.9761
  SAT    20    49     6.5244
  SAT     3    11     5.9493
  SAT     0     5     5.9989
  SAT    40    75     7.0268
  SAT     3    52     6.0693
  SAT     0     4     5.8187
  SAT     0     4     5.9502
  SAT     0     1     5.8561
  SAT    10    24     5.9999
  SAT     0     1     6.0746
  SAT     0     3     5.8632
  SAT    46   108     6.9244
  SAT    21    41     6.3689
  SAT     0    11     5.9683
  SAT     0     0     5.5510
  SAT     2    47     6.1151
  SAT    11    50     6.3002
  SAT     0     0     5.7420
  SAT    60    77     7.4541
  SAT    32    85     6.7243
  SAT    48    89     6.9508
  SAT     0     0     5.6196
  SAT     0     1     5.7633
  SAT     0     2     5.7555
  SAT     0     2     5.6610
  SAT     0     8     5.9896
  SAT     0     6     5.7622
  SAT     0     1     5.8987
  SAT     0     1     5.7820
  SAT     0     0     5.7215
  SAT    24    48     6.3770
  SAT     0     3     5.7355
  SAT    14    80     6.3594
  SAT    63   119     7.7395
  SAT     0     1     5.7710
  SAT     3     8     5.8571
  SAT     0     0     5.7792
  SAT     0     8     5.8824
  SAT     0     0     5.7716
  SAT    83   126     8.5025
  SAT     0    14     5.8446
  SAT     0     0     5.6701
  SAT    10    24     5.8962
  SAT     8    20     6.1092
  SAT    38    88     7.2518
  SAT     2     7     5.6607
  SAT     7    22     6.1410
  SAT     0     5     5.6867
  SAT   303   328    15.7502
  SAT    32    75     6.6624
  SAT     0     1     5.7928
  SAT    28    76     6.8559
  SAT    15    43     6.1532
  SAT   164   235    10.1800
  SAT    49   102     7.2251
  SAT     8    23     6.2456
  SAT     0     6     5.7576
  SAT    10    27     6.0994
  SAT    34    81     7.0643
  SAT     2    13     5.6241
  SAT     2     9     6.0405
  SAT     5    25     5.9469
  SAT     0    16     6.0377
  SAT     5    19     5.9708
  SAT     0     5     5.6436
  SAT    23    57     6.4069
  SAT     0     4     5.8845
  SAT    27    81     6.6738
  SAT     0     1     5.5832
  SAT    46    62     7.0082
  SAT     0     0     5.6300
  SAT     0     2     5.8423
  SAT   210   263    13.4957
  SAT     0     0     5.5375
  SAT     0     1     5.8333
  SAT   240   296    11.9062
  SAT    36    82     6.6876
  SAT     7    25     5.9544
  SAT     0     7     5.8327
  SAT     0    13     5.8622
  SAT     0     9     5.9791
  SAT    25    56     6.3737
  SAT     0    14     5.6561
  SAT     9    26     6.1445
  SAT    15    64     6.0811
  SAT     3    19     6.0401
  SAT     6    31     5.9924
  SAT     0     6     5.7624
  SAT     5    19     6.0287
  SAT     0     4     5.8723
  SAT     0     2     5.8729
  SAT     0     5     5.7312
  SAT     0     0     5.9248
  SAT    15    51     6.1295
  SAT   834   895    33.1060
  SAT    24    66     6.5647
  SAT    19    58     6.4559
  SAT     3    16     5.6840
  SAT     0     5     5.8628
  SAT     0     5     5.6899
  SAT     3    42     6.2476
  SAT     3    44     5.8934
  SAT     5     7     5.8579
  SAT    62   120     7.8124
  SAT     0     1     5.6754
  SAT     0     1     5.8421
  SAT    19    40     6.3016
  SAT    26    69     6.5940
  SAT    30    65     6.5446
  SAT     0    21     5.9015
  SAT     0    18     5.6900
  SAT     0     1     5.6939
  SAT     0     8     5.9205
  SAT     0     0     5.8549
  SAT    13    35     5.8782
  SAT     0     1     6.0163
  SAT     9    19     5.8044
  SAT   103   171     8.9669
  SAT     2     5     5.9239
  SAT    24    68     6.4895
  SAT     0     1     5.8585
  SAT     0    35     6.0036
  SAT   213   271    10.5295
  SAT     3    25     5.9422
  SAT     3     7     5.9574
  SAT   120   182     8.7868
  SAT   113   151     9.1627
  SAT     0     0     5.7509
  SAT    10    38     6.1250
  SAT     0     2     5.8392
  SAT    97   130     7.8866
  SAT     9    23     5.8728
  SAT     5    10     5.8795
  SAT    24    44     6.5820
  SAT    21    55     6.3700
  SAT     1    25     5.9645
  SAT     0    11     5.7985
  SAT    40    91     6.6852
  SAT     0     1     5.8367
  SAT     4    64     6.0214
  SAT     0     0     5.7651
  SAT   113   132     8.7170
  SAT     0    75     5.8000
  SAT     0    13     5.8796
  SAT    21    55     6.3105
  SAT    21    67     6.5135
  SAT     0    10     5.8968
