  SAT     0     2     7.9143
  SAT     0     6     8.0412
  SAT     0     3     7.5249
  SAT     0     5     7.5084
  SAT     0     1     7.4990
  SAT     0     2     7.4989
  SAT     1     7     7.6979
  SAT     0     7     7.6006
  SAT     0     1     7.3679
  SAT     0     5     7.6496
  SAT     0     2     7.8940
  SAT     0     5     7.7132
  SAT     0     0     7.3219
  SAT     0     7     7.7945
  SAT     0     1     7.5053
  SAT     0     3     7.4382
  SAT     0     4     7.7295
  SAT     0     5     7.7629
  SAT     0     2     7.5295
  SAT     0     0     7.4221
  SAT     0     3     7.6323
  SAT     0     4     7.8378
  SAT     3    15     7.9407
  SAT     1    10     7.7136
  SAT     0     4     7.6862
  SAT     0     6     7.7785
  SAT     0     2     7.4889
  SAT     1     9     7.8458
  SAT     0     8     7.8165
  SAT     0     4     7.5319
  SAT     0     0     7.3369
  SAT     0     2     7.6263
  SAT     0     3     7.6779
  SAT     0     2     7.4759
  SAT     0     0     7.5203
  SAT     2     6     7.9124
  SAT     0     1     7.5612
  SAT     0     4     7.6550
  SAT     0    10     7.5346
  SAT     0    10     7.7525
  SAT     0     3     7.7903
  SAT     0     1     7.5904
  SAT     0     5     7.8643
  SAT     0     1     7.2608
  SAT     0     5     7.5704
  SAT     0     1     7.5459
  SAT     0     3     7.6879
  SAT     0     4     7.6555
  SAT     0     2     7.5209
  SAT     1     7     7.7446
  SAT     0     1     7.3529
  SAT     0     1     7.6653
  SAT     0     7     7.7191
  SAT     0     3     7.5216
  SAT     0     7     7.7817
  SAT     2     5     7.4638
  SAT     0     1     7.6043
  SAT     0     4     7.7407
  SAT     0     6     7.5766
  SAT     0     1     7.7250
  SAT     0     0     7.4636
  SAT     0     7     7.7160
  SAT     0     2     7.4367
  SAT     0     1     7.4747
  SAT     0     2     7.5108
  SAT     0     2     7.3843
  SAT     0     5     7.7476
  SAT     0     7     7.6894
  SAT     1    12     7.8107
  SAT     0     0     7.5377
  SAT     0     4     7.6857
  SAT     0     2     7.4214
  SAT     1     4     7.5759
  SAT     0     2     7.5102
  SAT     0     3     7.5377
  SAT     0     1     7.5716
  SAT     0     1     7.5715
  SAT     0     2     7.5352
  SAT     0     2     7.6619
  SAT     0     2     7.4504
  SAT     0     5     7.6660
  SAT     0     7     7.7596
  SAT     0     1     7.4510
  SAT     4     9     7.7539
  SAT     0     2     7.8422
  SAT     5    10     7.8785
  SAT     0     1     7.6283
  SAT     0     3     7.8236
  SAT     0     2     7.3844
  SAT     0     0     7.4819
  SAT     0     1     7.4449
  SAT     0     2     7.7112
  SAT     0     3     7.5787
  SAT     1     4     7.4766
  SAT     0     3     7.4912
  SAT     0     0     7.4631
  SAT     0     4     7.4629
  SAT     0     8     7.9878
  SAT     0     7     7.8097
  SAT     0     1     7.3995
  SAT     0     3     7.6946
  SAT     0     2     7.5651
  SAT     0     1     7.5971
  SAT     0     7     7.6391
  SAT     2    10     7.7981
  SAT     0     3     7.6749
  SAT     0     3     7.5997
  SAT     0     2     7.6716
  SAT     1     6     7.7192
  SAT     0     4     7.6201
  SAT     0     6     7.6157
  SAT     0     1     7.8347
  SAT     0     3     7.4611
  SAT     3     7     7.9045
  SAT     0     6     7.7651
  SAT     0     4     7.6955
  SAT     0     7     7.4558
  SAT     0     3     7.8792
  SAT     0     6     7.6095
  SAT     1    12     7.9191
  SAT     1     3     7.6599
  SAT     0     4     7.7313
  SAT     0     2     7.5260
  SAT     0     2     7.6350
  SAT     0     2     7.7771
  SAT     0     1     7.5673
  SAT     0     1     7.4599
  SAT     0     3     7.5862
  SAT     0     8     7.9082
  SAT     0     1     7.5627
  SAT     0     2     7.8463
  SAT     2     8     7.6353
  SAT     1     9     7.7022
  SAT     0     2     7.4340
  SAT     0     1     7.6276
  SAT     0     1     7.7494
  SAT     0     3     7.4837
  SAT     0     5     7.8773
  SAT     1     7     7.5998
  SAT     0     4     7.6838
  SAT     0     7     7.5547
  SAT     0     5     7.6728
  SAT     0     8     7.7932
  SAT     0     4     7.5232
  SAT     0     0     7.5894
  SAT     0     4     7.9277
  SAT     0     2     7.4635
  SAT     0     2     7.4119
  SAT     0     5     7.8509
  SAT     0     0     7.5778
  SAT     0     2     7.6106
  SAT     0     2     7.3894
  SAT     1     6     7.7162
  SAT     0     4     7.7491
  SAT     0     3     7.5475
  SAT     0     5     7.5768
  SAT     0     2     7.5411
  SAT     0     1     7.7092
  SAT     0     1     7.5207
  SAT     0     3     7.4510
  SAT     0     0     7.6024
  SAT     0     3     7.8602
  SAT     0     4     7.6035
  SAT     0     1     7.3489
  SAT     0     1     7.5267
  SAT     0     0     7.5123
  SAT     0     7     7.8107
  SAT     0     2     7.4959
  SAT     0     7     7.7653
  SAT     0     4     7.6802
  SAT     0     2     7.7883
  SAT     0     3     7.5473
  SAT     0     2     7.6685
  SAT     0     1     7.4086
  SAT     0     3     7.5344
  SAT     0     2     7.4651
  SAT     1     6     7.7276
  SAT     0     4     7.6135
  SAT     0     6     7.7867
  SAT     0     0     7.4656
  SAT     0     2     7.5920
  SAT     0     0     7.5705
  SAT     0     4     7.6224
  SAT     0     3     7.3840
  SAT     2     7     7.7192
  SAT     1     4     7.7444
  SAT     0     4     7.5407
  SAT     0     3     7.7011
  SAT     0     3     7.5692
  SAT     0     1     7.3974
  SAT     0     7     7.7267
  SAT     0     2     7.5583
  SAT     0     1     7.7033
  SAT     0     5     7.4709
  SAT     0     8     7.8640
  SAT     0     1     7.8189
  SAT     0     2     7.3913
  SAT     1     6     7.5099
  SAT     0     2     7.6321
  SAT     0     3     7.4434
  SAT     0     5     7.7158
  SAT     0     0     7.5315
  SAT     0     5     7.8240
  SAT     0     4     7.8402
  SAT     0     3     7.6778
  SAT     0     3     7.3619
  SAT     0     1     7.5524
  SAT     0     8     7.9339
  SAT     0     1     7.5105
  SAT     1    13     7.8208
  SAT     0     1     7.4068
  SAT     0     4     7.6435
  SAT     0     3     7.6362
  SAT     0     3     7.7879
  SAT     0     1     7.7106
  SAT     1     9     7.7816
  SAT     0     2     7.7841
  SAT     0     4     7.4290
  SAT     2    10     7.8867
  SAT     0     1     7.3528
  SAT     0     8     7.8715
  SAT     0     7     7.8168
  SAT     0     2     7.3122
  SAT     0    10     7.8711
  SAT     0     1     7.7525
  SAT     0     4     7.6359
  SAT     0     2     7.5454
  SAT     0     6     7.4620
  SAT     1     4     7.8361
  SAT     0     5     7.7338
  SAT     0     1     7.4954
  SAT     2     4     7.8680
  SAT     0     3     7.7803
  SAT     0     3     7.4109
  SAT     0     1     7.5381
  SAT     3     8     7.8340
  SAT     0     4     7.7368
  SAT     0     2     7.5246
  SAT     0     0     7.4080
  SAT     1     9     7.9639
  SAT     1     5     7.6585
  SAT     0     0     7.5490
  SAT     1     5     7.8156
  SAT     0     4     7.7929
  SAT     0    11     7.7344
  SAT     0     5     7.6363
  SAT     0     6     7.5998
  SAT     0     4     7.7645
  SAT     0     1     7.4876
  SAT     0     2     7.7028
  SAT     0     2     7.6167
  SAT     0     1     7.5611
  SAT     0     5     7.7303
  SAT     0     6     7.6536
  SAT     0     0     7.5945
  SAT     0     2     7.2783
  SAT     1     5     7.6773
  SAT     0     4     7.6596
  SAT     1     7     7.6824
  SAT     0     3     7.5575
  SAT     1     4     7.6274
  SAT     1     4     7.8047
  SAT     0     0     7.5334
  SAT     0     1     7.6558
  SAT     0     1     7.4958
  SAT     0     3     7.8721
  SAT     0     0     7.3730
  SAT     0     6     7.6482
  SAT     1     7     7.8548
  SAT     0     3     7.4919
  SAT     0     0     7.6151
  SAT     0     8     7.8048
  SAT     0     2     7.6878
  SAT     0     1     7.6933
  SAT     0     4     7.5558
  SAT     2     9     7.6217
  SAT     0     1     7.4271
  SAT     0    12     8.0973
  SAT     2     7     7.6800
  SAT     0     3     7.6968
  SAT     0     0     7.3087
  SAT     0     1     7.7041
  SAT     3     8     7.7452
  SAT     2     8     7.8892
  SAT     0     1     7.4008
  SAT     0     1     7.5291
  SAT     0     1     7.4154
  SAT     0     1     7.4051
  SAT     0     0     7.6709
  SAT     0     5     7.5635
  SAT     0     4     7.5159
  SAT     0     6     7.9182
  SAT     0     5     7.6893
  SAT     0     7     7.8169
  SAT     0     2     7.5472
  SAT     0     3     7.7180
  SAT     0     3     7.5637
  SAT     0     5     7.8074
  SAT     0     1     7.5134
  SAT     0     6     7.5756
  SAT     0     0     7.4315
  SAT     0     9     7.8043
  SAT     0     0     7.3676
  SAT     0     2     7.4497
  SAT     0     0     7.5395
  SAT     0     1     7.3154
  SAT     0     8     7.7700
  SAT     1     5     7.6040
  SAT     0     8     7.7498
  SAT     0     1     7.4840
  SAT     0     0     7.6129
  SAT     0     4     7.7407
  SAT     2     9     7.7488
  SAT     0     7     7.6485
  SAT     0     2     7.3728
  SAT     0     3     7.6384
  SAT     2     9     7.7054
  SAT     0     2     7.7592
  SAT     0     1     7.4615
  SAT     0     1     7.2570
  SAT     0     1     7.6401
  SAT     0     5     7.9498
  SAT     0     4     7.5053
  SAT     0     2     7.4859
  SAT     0     1     7.4767
  SAT     3    15     7.9636
  SAT     1     5     7.5524
  SAT     0     2     7.4720
  SAT     0     0     7.5136
  SAT     0     3     7.6815
  SAT     0     3     7.6329
  SAT     1     9     7.6934
  SAT     0     5     7.8024
  SAT     0    10     7.7109
  SAT     0     2     7.6137
  SAT     0     1     7.5301
  SAT     3     8     7.8040
  SAT     0     5     7.6202
  SAT     0     4     7.7310
  SAT     0     2     7.4309
  SAT     1     3     7.4617
  SAT     0     7     7.7042
  SAT     2     9     8.0145
  SAT     0     2     7.3689
  SAT     0     2     7.3671
  SAT     0     2     7.5371
  SAT     0     1     7.7145
  SAT     0     8     7.6080
  SAT     1     5     7.6865
  SAT     0     2     7.4673
  SAT     0     5     7.8270
  SAT     0     6     7.6150
  SAT     0     2     7.4014
  SAT     0     5     7.8296
  SAT     0     4     7.5506
  SAT     0     2     7.5331
  SAT     0     5     7.7687
  SAT     0     6     7.5845
  SAT     0     3     7.5493
  SAT     0     2     7.7031
  SAT     0     1     7.4458
  SAT     0     5     7.4299
  SAT     0     1     7.8108
  SAT     1     2     7.4456
  SAT     0     6     7.5670
  SAT     1     5     7.8385
  SAT     0     2     7.3838
  SAT     0     0     7.4253
  SAT     0    13     7.7000
  SAT     0     6     7.5756
  SAT     0     0     7.3964
  SAT     0     2     7.7783
  SAT     1     8     7.6388
  SAT     1     6     7.6971
  SAT     0     0     7.3442
  SAT     0     1     7.5208
  SAT     0     2     7.4281
  SAT     0     1     7.3977
  SAT     0     4     7.7945
  SAT     0     2     7.4335
  SAT     0     1     7.5031
  SAT     0     1     7.4867
  SAT     0     0     7.3659
  SAT     0     6     7.5660
  SAT     0     2     7.2747
  SAT     0     7     7.8793
  SAT     0     7     7.7277
  SAT     0     1     7.7143
  SAT     0     2     7.4684
  SAT     0     0     7.6501
  SAT     0     2     7.4776
  SAT     0     0     7.4740
  SAT     0     8     7.9871
  SAT     0     5     7.4609
  SAT     0     0     7.3386
  SAT     0     4     7.5715
  SAT     0     3     7.8104
  SAT     0     5     7.6872
  SAT     0     1     7.4780
  SAT     0     4     7.5830
  SAT     0     2     7.3347
  SAT     0     1     7.7857
  SAT     0    10     7.8714
  SAT     0     1     7.3929
  SAT     0     4     7.9128
  SAT     0     6     7.5166
  SAT     0     7     7.7181
  SAT     0    10     7.6465
  SAT     0     6     7.6402
  SAT     0     4     7.4145
  SAT     2     6     7.7464
  SAT     0     7     7.8356
  SAT     0     3     7.4897
  SAT     0     3     7.5876
  SAT     0     4     7.6109
  SAT     1     6     7.7526
  SAT     0     5     7.5094
  SAT     0     2     7.6204
  SAT     0     1     7.6777
  SAT     0     3     7.5071
  SAT     0     4     7.6749
  SAT     0     1     7.3217
  SAT     0     6     7.5746
  SAT     0     0     7.6619
  SAT     0     2     7.6075
  SAT     0    10     7.7353
  SAT     0     0     7.3183
  SAT     0     1     7.5377
  SAT     1    11     7.9237
  SAT     1     9     7.6836
  SAT     0     2     7.5713
  SAT     0     3     7.5831
  SAT     0     4     7.5608
  SAT     0     1     7.3923
  SAT     0     3     7.5420
  SAT     0     5     7.5405
  SAT     0     3     7.7029
  SAT     0     7     7.5647
  SAT     0     4     7.5674
  SAT     0     4     7.6648
  SAT     0     1     7.7685
  SAT     0     3     7.4577
  SAT     0     2     7.6431
  SAT     0     2     7.4652
  SAT     0     2     7.3898
  SAT     0     0     7.5980
  SAT     0     5     7.5995
  SAT     0     9     7.8673
  SAT     0     3     7.7874
  SAT     0     8     7.5938
  SAT     0     4     7.6836
  SAT     0     2     7.3390
  SAT     0     3     7.5095
  SAT     0     7     7.8290
  SAT     1    11     7.7392
  SAT     0     2     7.7491
  SAT     0     8     7.5815
  SAT     0     1     7.5576
  SAT     0     1     7.4651
  SAT     0     2     7.4299
  SAT     0    10     8.0038
  SAT     0     5     7.6406
  SAT     0     3     7.5278
  SAT     0     3     7.4471
  SAT     0     1     7.5881
  SAT     0     1     7.4960
  SAT     0     0     7.1966
  SAT     0     4     7.7515
  SAT     0     1     7.4774
  SAT     1     4     7.5586
  SAT     0    11     7.5900
  SAT     0     2     7.7311
  SAT     3     7     7.8314
  SAT     0     1     7.3254
  SAT     0     5     7.7562
  SAT     0     6     7.7284
  SAT     0     4     7.4951
  SAT     0     2     7.8204
  SAT     0     9     7.6320
  SAT     0     7     7.9428
  SAT     0     0     7.3905
  SAT     0     8     7.6114
  SAT     0     2     7.5971
  SAT     0     8     7.6655
  SAT     0     3     7.5572
  SAT     0     1     7.6032
  SAT     1     5     7.7951
  SAT     0     5     7.7531
  SAT     0     5     7.5949
  SAT     0     4     7.4925
  SAT     1     7     7.6573
  SAT     0     1     7.3412
  SAT     4     8     7.4679
  SAT     0     0     7.4192
  SAT     0     4     7.8794
  SAT     5    12     7.7025
  SAT     0     3     7.3141
  SAT     1     7     7.7285
  SAT     0     2     7.8164
  SAT     0     2     7.5071
