  SAT     0     2     7.9599
  SAT     2     6     8.1794
  SAT     5     9     7.7283
  SAT     2     4     7.7593
  SAT     0     1     7.5058
  SAT     2     4     7.9046
  SAT     4     8     7.6872
  SAT     5     8     7.7574
  SAT     0     1     7.6592
  SAT     4     7     8.0386
  SAT     2     4     7.5684
  SAT     3     7     7.9943
  SAT     0     0     7.3081
  SAT     0     3     7.8779
  SAT     0     1     7.2994
  SAT     0     1     7.6316
  SAT     4     7     7.7329
  SAT     0     3     7.6429
  SAT     0     2     7.8155
  SAT     0     0     7.3702
  SAT     0     2     7.4278
  SAT     1     4     7.9469
  SAT     1     8     7.8424
  SAT     3     7     8.0260
  SAT     0     3     7.6804
  SAT     0     5     7.6111
  SAT     0     1     7.5594
  SAT     0     5     7.7883
  SAT     0     2     7.7654
  SAT     4     7     8.0038
  SAT     0     0     7.2953
  SAT     0     2     7.6850
  SAT     0     2     7.6638
  SAT     0     1     7.5077
  SAT     0     0     7.3938
  SAT     9    13     7.8911
  SAT     0     2     7.3267
  SAT     5     9     8.1635
  SAT     2     5     7.6182
  SAT     5    10     8.0207
  SAT     0     3     7.5189
  SAT     0     1     7.7289
  SAT     0     3     7.7947
  SAT     0     1     7.4232
  SAT     0     2     7.6379
  SAT     0     1     7.5108
  SAT     1     3     7.3482
  SAT     0     4     7.7727
  SAT     0     2     7.8278
  SAT    15    18     9.3444
  SAT     0     1     7.3377
  SAT     0     1     7.5012
  SAT     4     6     7.9420
  SAT     0     1     7.5879
  SAT     3     8     7.9196
  SAT     2     3     7.6915
  SAT     0     1     7.5594
  SAT     2     4     7.8689
  SAT     1     5     7.6182
  SAT     0     1     7.4384
  SAT     0     0     7.4657
  SAT     0     4     7.6300
  SAT     0     2     7.6239
  SAT     0     1     7.3764
  SAT     0     2     7.5101
  SAT     1     3     7.6283
  SAT     0     4     7.7097
  SAT     0     3     7.6329
  SAT     0     4     7.7930
  SAT     0     0     7.5802
  SAT     6     9     7.8501
  SAT     0     2     7.3253
  SAT     2     6     7.8401
  SAT     0     2     7.4594
  SAT     0     1     7.7984
  SAT     2     3     7.6012
  SAT     0     1     7.3843
  SAT     0     2     7.6530
  SAT     0     2     7.5842
  SAT     0     1     7.5023
  SAT     0     1     7.5716
  SAT     2     5     7.9090
  SAT     0     1     7.2337
  SAT     0     2     7.7714
  SAT     0     3     7.5944
  SAT     9    14     8.3340
  SAT     0     1     7.4103
  SAT     0     3     7.5838
  SAT     0     2     7.4400
  SAT     0     0     7.4668
  SAT     0     1     7.4469
  SAT     3     5     7.6392
  SAT     0     2     7.7567
  SAT     1     2     7.5050
  SAT     0     2     7.3839
  SAT     0     0     7.4642
  SAT     3     6     7.6495
  SAT     0     5     7.8176
  SAT     1     4     7.9351
  SAT     0     1     7.3807
  SAT     0     3     7.6168
  SAT     0     1     7.3593
  SAT     0     1     7.2921
  SAT     1     7     7.9225
  SAT     4     8     7.7299
  SAT     0     3     7.7086
  SAT     1     3     7.6450
  SAT     0     2     7.5858
  SAT     0     2     7.6052
  SAT     0     3     7.8170
  SAT     0     3     7.5369
  SAT     0     2     7.6707
  SAT     0     3     7.3754
  SAT     0     4     7.7716
  SAT     2     5     7.7948
  SAT     0     1     7.4975
  SAT     3     6     7.9156
  SAT     0     2     7.5043
  SAT     0     4     7.6064
  SAT     0     5     7.7764
  SAT     6    10     7.7767
  SAT     0     3     7.6698
  SAT     0     2     7.4864
  SAT     0     2     7.7316
  SAT     0     2     7.5860
  SAT     0     3     7.5636
  SAT     0     1     7.6679
  SAT     0     2     7.4647
  SAT     0     3     7.8432
  SAT     0     1     7.5854
  SAT     2     4     7.5810
  SAT     3     6     7.9808
  SAT     4    10     7.7695
  SAT     0     2     7.3106
  SAT     0     1     7.8223
  SAT     0     1     7.5302
  SAT     0     2     7.6172
  SAT     0     2     7.5793
  SAT     7     8     8.0760
  SAT     0     1     7.7925
  SAT     2     3     7.6890
  SAT     0     3     7.9064
  SAT    26    30     9.1332
  SAT     0     3     7.4841
  SAT     0     0     7.4131
  SAT     3     6     8.0325
  SAT     0     1     7.4668
  SAT     0     2     7.5291
  SAT     0     2     7.6253
  SAT     0     0     7.6240
  SAT     1     2     7.6631
  SAT     0     2     7.7944
  SAT     1     3     7.6629
  SAT     0     4     7.5867
  SAT     0     3     7.6602
  SAT     2     3     7.5795
  SAT     6     8     7.6712
  SAT     1     2     7.6911
  SAT     0     1     7.5367
  SAT     0     2     7.6075
  SAT     0     0     7.5562
  SAT     0     3     7.8594
  SAT     1     4     7.6498
  SAT     0     1     7.3585
  SAT     0     1     7.5006
  SAT     0     0     7.5011
  SAT     0     3     7.7539
  SAT     0     2     7.6667
  SAT     1     3     7.9044
  SAT     3     7     7.9075
  SAT     4     5     7.5430
  SAT     1     4     7.9106
  SAT     0     2     7.3269
  SAT     0     1     7.5745
  SAT     0     1     7.5637
  SAT     0     2     7.6072
  SAT     2     6     7.5520
  SAT     2     3     7.7559
  SAT     1     5     7.9495
  SAT     0     0     7.4773
  SAT     0     2     7.6139
  SAT     0     0     7.4828
  SAT     3     6     7.7631
  SAT     0     2     7.4166
  SAT     2     4     7.8222
  SAT     3     5     7.5401
  SAT     0     2     7.6177
  SAT     0     2     7.8620
  SAT     0     2     7.5732
  SAT     0     1     7.3771
  SAT     1     5     8.0684
  SAT     0     2     7.4792
  SAT     1     2     7.5486
  SAT     6    11     7.5364
  SAT     0     3     7.9784
  SAT     0     1     7.4564
  SAT     0     2     7.6536
  SAT     3     6     7.6832
  SAT     1     2     7.6053
  SAT     0     3     7.3416
  SAT     4     8     7.9098
  SAT     0     0     7.3797
  SAT     1     6     7.9892
  SAT     0     3     7.6477
  SAT     0     2     7.7147
  SAT     1     3     7.5773
  SAT     0     1     7.5666
  SAT     1     5     7.7446
  SAT     1     2     7.4521
  SAT     2     6     7.8054
  SAT     0     1     7.5052
  SAT     8    11     7.9337
  SAT     0     1     7.5980
  SAT     0     4     7.7742
  SAT     0     1     7.7914
  SAT     6    11     7.8101
  SAT     4     7     7.5565
  SAT     0     2     7.5379
  SAT    10    16     8.3105
  SAT     0     1     7.3535
  SAT     0     4     7.7578
  SAT     0     3     7.7103
  SAT     0     2     7.6395
  SAT     4     9     8.1109
  SAT     0     1     7.4946
  SAT     3     5     7.8359
  SAT     0     2     7.5041
  SAT     0     4     7.7967
  SAT     5     9     7.9197
  SAT     1     5     7.6150
  SAT     0     1     7.4962
  SAT     1     2     7.6317
  SAT     1     3     7.8931
  SAT     2     3     7.4328
  SAT     0     1     7.5829
  SAT    34    37    10.1888
  SAT     9    12     7.9343
  SAT     0     2     7.8189
  SAT     0     0     7.3800
  SAT     1     5     7.8259
  SAT     0     4     7.7363
  SAT     0     0     7.4839
  SAT     5     9     7.8471
  SAT     1     4     7.6999
  SAT     1     6     7.7629
  SAT     0     3     7.5395
  SAT     2     6     7.8112
  SAT     0     3     7.9213
  SAT     0     1     7.3957
  SAT     0     1     7.7488
  SAT     0     3     7.5125
  SAT     0     1     7.5241
  SAT     1     4     7.5897
  SAT     1     5     7.6814
  SAT     0     0     7.5980
  SAT     0     2     7.2372
  SAT     1     5     7.6988
  SAT     1     2     7.6283
  SAT     3     5     7.8644
  SAT     0     3     7.6954
  SAT     1     3     7.5494
  SAT     1     3     7.6437
  SAT     0     0     7.4863
  SAT     0     1     7.4540
  SAT     0     1     7.5094
  SAT     0     1     7.6399
  SAT     0     0     7.3040
  SAT     2     6     7.7660
  SAT     2     4     7.7019
  SAT     0     2     7.7512
  SAT     0     0     7.4588
  SAT     0     3     7.7370
  SAT     0     2     7.7838
  SAT     0     1     7.4817
  SAT     1     3     7.5107
  SAT    14    17     8.0482
  SAT     0     1     7.6403
  SAT     0     6     7.9808
  SAT     2     5     7.6637
  SAT     1     3     7.7400
  SAT     0     0     7.2731
  SAT     0     3     7.7524
  SAT     1     3     7.8273
  SAT     4     8     8.3277
  SAT     0     1     7.5187
  SAT     0     1     7.6004
  SAT     0     1     7.4573
  SAT     0     1     7.4008
  SAT     0     0     7.7670
  SAT     1     5     7.4918
  SAT     0     2     7.6142
  SAT     1     6     7.8461
  SAT     0     1     7.6072
  SAT     2     5     8.0974
  SAT     0     2     7.5218
  SAT     0     3     7.6376
  SAT     0     1     7.6762
  SAT     0     2     7.4968
  SAT     1     3     7.6088
  SAT     1     4     7.6355
  SAT     0     0     7.5254
  SAT     3     6     7.8015
  SAT     0     0     7.5374
  SAT     0     2     7.5417
  SAT     0     0     7.3555
  SAT     0     1     7.3837
  SAT     0     3     7.7374
  SAT     3     4     7.7283
  SAT     1     6     7.7457
  SAT     0     2     7.5363
  SAT     0     0     7.6351
  SAT     0     2     7.4781
  SAT     2     7     7.7814
  SAT     1     3     7.6730
  SAT     0     2     7.4587
  SAT     0     2     7.7362
  SAT     0     4     7.7958
  SAT     0     2     7.4819
  SAT     0     1     7.7301
  SAT     0     1     7.2708
  SAT     0     1     7.8174
  SAT     1     4     7.6659
  SAT     0     4     7.4218
  SAT     0     2     7.7459
  SAT     0     1     7.3982
  SAT     0     2     7.7602
  SAT     0     2     7.6399
  SAT     0     2     7.5386
  SAT     0     0     7.5359
  SAT     0     1     7.6860
  SAT     3     5     7.6575
  SAT     0     5     7.5806
  SAT     0     1     7.7077
  SAT     0     4     8.0389
  SAT     0     2     7.4736
  SAT     0     1     7.5389
  SAT     0     2     7.5609
  SAT     0     4     7.7784
  SAT     0     3     7.4718
  SAT     0     3     7.6747
  SAT     4     7     7.9684
  SAT     1     6     7.6194
  SAT     5     9     7.7588
  SAT     0     2     7.5394
  SAT     0     2     7.4402
  SAT     0     2     7.3608
  SAT     0     1     7.6083
  SAT     3     6     7.6091
  SAT     2     4     7.7833
  SAT     0     2     7.7360
  SAT     0     3     7.5831
  SAT     2     4     7.8295
  SAT     3     6     7.7180
  SAT     3     8     7.8698
  SAT     0     3     7.4350
  SAT     0     2     7.5162
  SAT     0     3     7.6727
  SAT     3     7     7.7672
  SAT     0     3     7.7069
  SAT     0     2     7.5122
  SAT     0     1     7.6025
  SAT     0     3     7.8270
  SAT     0     1     7.5481
  SAT     1     2     7.4922
  SAT     0     4     7.6922
  SAT     1     4     7.7880
  SAT     1     3     7.7241
  SAT     0     0     7.2513
  SAT     3     6     7.9801
  SAT     0     4     7.8014
  SAT     0     0     7.4455
  SAT     6     9     8.0485
  SAT     5     9     7.6402
  SAT     3     6     7.8972
  SAT     0     0     7.3761
  SAT     0     1     7.5852
  SAT     0     2     7.5230
  SAT     0     1     7.4992
  SAT     0     2     7.6299
  SAT     2     4     7.5745
  SAT     0     1     7.5003
  SAT     0     1     7.7312
  SAT     0     0     7.4328
  SAT     2     6     7.7454
  SAT     0     1     7.3024
  SAT     8    12     8.3236
  SAT     1     4     7.6094
  SAT     0     1     7.7196
  SAT     0     3     7.4945
  SAT     0     0     7.5511
  SAT     0     2     7.6004
  SAT     0     0     7.5037
  SAT     0     3     7.7732
  SAT     0     3     7.7534
  SAT     0     0     7.3439
  SAT     0     2     7.7121
  SAT     1     4     7.6444
  SAT     0     2     7.7797
  SAT     1     2     7.4791
  SAT     0     3     7.7032
  SAT     0     2     7.3394
  SAT    15    17     8.6602
  SAT     9    15     8.1065
  SAT     0     1     7.5902
  SAT     5     9     7.7532
  SAT     3     6     7.6197
  SAT     0     3     7.8841
  SAT     1     6     7.7896
  SAT     2     5     7.6754
  SAT     0     2     7.7095
  SAT     4     5     7.7218
  SAT     4     6     7.9102
  SAT     2     5     7.4651
  SAT     0     2     7.7905
  SAT     2     4     7.7190
  SAT     0     2     7.8114
  SAT     0     1     7.5454
  SAT     1     3     7.5407
  SAT     0     2     7.7897
  SAT     0     3     7.5408
  SAT     8    11     8.1072
  SAT     0     1     7.4716
  SAT     0     2     7.6272
  SAT     0     0     7.6678
  SAT     0     2     7.5387
  SAT     2     8     7.9675
  SAT     0     0     7.4065
  SAT     0     1     7.4199
  SAT     3     8     8.0724
  SAT     2     5     8.0525
  SAT     0     2     7.5947
  SAT     0     2     7.6733
  SAT     0     2     7.5834
  SAT     1     4     7.4463
  SAT     7     9     7.7393
  SAT     1     4     7.4623
  SAT     1     3     7.7811
  SAT     1     5     7.6189
  SAT     0     2     7.8148
  SAT     4     8     7.7862
  SAT     1     2     7.4803
  SAT     0     2     7.8260
  SAT     0     1     7.5755
  SAT     0     2     7.5854
  SAT     0     1     7.4186
  SAT     0     0     7.4539
  SAT     3     5     8.1029
  SAT     1     6     7.7272
  SAT     1     4     7.9265
  SAT     0     3     7.6272
  SAT     0     2     7.5563
  SAT     1     3     7.7109
  SAT     0     1     7.3775
  SAT     0     5     7.7175
  SAT     4     7     7.8286
  SAT     0     1     7.7515
  SAT     0     6     7.6475
  SAT     0     1     7.4262
  SAT     0     1     7.6904
  SAT     1     2     7.6380
  SAT     0     6     7.7363
  SAT     1     5     7.8626
  SAT     3     4     7.7801
  SAT     3     5     7.7528
  SAT     0     1     7.3919
  SAT     1     2     7.6795
  SAT     0     0     7.3409
  SAT     0     2     7.7770
  SAT     0     1     7.6753
  SAT     4     7     7.5290
  SAT     2     5     7.9462
  SAT     0     1     7.4252
  SAT     8    12     7.6830
  SAT     0     1     7.7158
  SAT     1     6     7.6112
  SAT     0     3     7.8473
  SAT     0     2     7.4572
  SAT     1     2     7.7157
  SAT    11    16     8.2055
  SAT     0     2     7.6623
  SAT     0     0     7.5395
  SAT     6    10     7.6746
  SAT     0     2     7.7747
  SAT     3     7     7.8281
  SAT     4     6     7.6524
  SAT     0     2     7.7108
  SAT     1     3     7.6965
  SAT     0     4     7.7211
  SAT     1     3     7.6758
  SAT     0     1     7.4606
  SAT     2     7     7.8146
  SAT     0     1     7.3951
  SAT    11    14     8.1870
  SAT     0     0     7.3999
  SAT     4     7     7.8198
  SAT     3     7     7.7786
  SAT     3     5     7.4595
  SAT     2     5     7.6371
  SAT     0     3     7.9373
  SAT     0     3     7.5973
