  SAT     0     2     6.4166
  SAT     0     2     6.0940
  SAT     1     4     6.0981
  SAT     0     0     5.7336
  SAT    14    17     6.7808
  SAT     1     5     5.9106
  SAT     0     1     5.8730
  SAT     1     2     5.9876
  SAT     0     1     5.8978
  SAT     0     3     6.0695
  SAT     5     6     5.8490
  SAT     0     2     5.8899
  SAT     1     3     5.9048
  SAT     0     3     5.9561
  SAT     0     3     5.7724
  SAT     0     0     5.8034
  SAT     0     2     5.6334
  SAT     0     3     6.1596
  SAT     0     2     5.9204
  SAT     0     1     5.8334
  SAT     5     6     5.8593
  SAT     8     9     6.2175
  SAT     3     7     5.7517
  SAT     0     0     5.9175
  SAT     0     1     6.0302
  SAT     0     0     5.7271
  SAT     0     3     5.7649
  SAT     0     1     5.7713
  SAT     4     6     5.8775
  SAT     0     1     5.8369
  SAT     1     3     6.0771
  SAT     0     0     5.7839
  SAT     1     3     5.8932
  SAT     1     5     6.0992
  SAT     3     7     6.1776
  SAT     5     7     5.9554
  SAT     9    12     6.2488
  SAT     4     8     6.2358
  SAT     0     2     5.9017
  SAT     0     2     5.9300
  SAT     0     3     5.8765
  SAT     3     5     5.9177
  SAT     6    12     6.1452
  SAT     1     5     6.2861
  SAT     0     1     5.6190
  SAT     1     4     5.8725
  SAT     6    10     6.3784
  SAT     1     3     5.6918
  SAT     3     5     5.9627
  SAT     0     1     6.0962
  SAT     0     1     5.8763
  SAT    11    14     5.8686
  SAT     0     1     5.8924
  SAT     0     3     5.8644
  SAT     0     0     5.7212
  SAT     1     4     5.8128
  SAT     1     2     6.0226
  SAT     0     1     5.7638
  SAT     1     2     5.9306
  SAT     7     9     6.3552
  SAT     0     2     5.8342
  SAT     0     0     5.6867
  SAT     0     4     5.9751
  SAT     0     0     5.7867
  SAT     1     2     5.9290
  SAT     0     2     5.9956
  SAT     7    11     6.2674
  SAT     0     4     5.8856
  SAT     0     0     5.8943
  SAT     0     0     5.6715
  SAT     2     3     6.0846
  SAT     0     7     5.9639
  SAT     6     8     5.9376
  SAT     3     6     6.0713
  SAT     1     4     5.9806
  SAT     0     2     5.9547
  SAT     0     1     5.8330
  SAT     0     2     5.6427
  SAT     5     7     5.9956
  SAT     0     3     6.1517
  SAT     4     7     6.0257
  SAT     0     1     5.9793
  SAT     0     0     5.9204
  SAT     0     1     5.7411
  SAT     0     2     5.8356
  SAT     6     7     5.7689
  SAT     0     1     6.1580
  SAT     1     3     5.8144
  SAT     0     1     5.6067
  SAT     1     4     5.8783
  SAT    14    19     6.5232
  SAT     0     0     5.8277
  SAT     0     4     5.8804
  SAT     0     2     5.8505
  SAT     3     7     6.1027
  SAT     0     2     6.0047
  SAT     0     1     5.8208
  SAT     0     2     5.8834
  SAT     0     2     5.9833
  SAT     0     2     5.8092
  SAT     0     2     6.0174
  SAT     1     2     6.1002
  SAT     0     2     5.7470
  SAT     0     2     5.9723
  SAT     0     0     5.7644
  SAT     1     5     5.8286
  SAT     0     2     5.9312
  SAT     0     1     6.0620
  SAT     3     5     6.3039
  SAT     0     2     5.6331
  SAT     0     1     6.0893
  SAT     0     4     5.8001
  SAT     0     2     5.7606
  SAT     4     6     5.9591
  SAT     0     3     5.9171
  SAT     0     2     5.8427
  SAT     0     4     5.9031
  SAT     0     2     5.8702
  SAT     0     1     5.7486
  SAT     0     1     5.6594
  SAT     4     8     6.0347
  SAT     0     4     5.8735
  SAT     1     2     6.1407
  SAT     0     2     5.7188
  SAT     0     2     5.7935
  SAT     7    10     6.0985
  SAT     0     0     5.7270
  SAT     9    15     6.5051
  SAT     0     5     5.7510
  SAT     2     4     6.1420
  SAT     0     3     5.7729
  SAT     1     3     6.0620
  SAT     0     1     5.8414
  SAT     0     1     5.7543
  SAT     0     2     5.5696
  SAT     0     0     5.8838
  SAT     1     2     5.9742
  SAT     2     5     6.0264
  SAT     0     1     6.0139
  SAT     0     2     5.8951
  SAT     0     0     5.6459
  SAT     0     2     5.9494
  SAT     1     6     5.8911
  SAT     0     2     5.8141
  SAT     0     3     5.9722
  SAT     0     1     5.8841
  SAT     0     2     5.9961
  SAT     0     0     6.0190
  SAT     0     1     5.7760
  SAT     1     4     5.8552
  SAT     0     4     5.9882
  SAT     3     6     5.9399
  SAT     4     6     6.0201
  SAT     0     2     5.8647
  SAT     0     1     5.7830
  SAT     0     1     5.8909
  SAT     0     4     6.0374
  SAT     0     2     6.3090
  SAT     0     1     5.8527
  SAT     0     1     5.7034
  SAT     0     2     5.9081
  SAT     2     7     6.2153
  SAT     1     2     5.8226
  SAT     0     2     5.7965
  SAT     0     0     5.9562
  SAT     0     1     5.8095
  SAT     1     3     6.2510
  SAT     2     5     6.0139
  SAT     0     3     5.6371
  SAT     0     3     5.9755
  SAT     2     5     6.0183
  SAT     0     3     6.0358
  SAT     0     1     6.0969
  SAT     0     3     5.8063
  SAT     0     2     5.7335
  SAT     0     1     5.7643
  SAT     2     4     6.1390
  SAT     6     8     6.1343
  SAT     0     4     6.0211
  SAT     0     1     5.7084
  SAT     1     2     5.7100
  SAT     0     3     6.0893
  SAT     0     3     5.7258
  SAT     0     2     5.9747
  SAT     0     1     5.7764
  SAT     2     6     6.0873
  SAT     0     2     6.1011
  SAT     4     8     5.7940
  SAT     0     0     6.0899
  SAT     0     0     5.6268
  SAT    28    31     7.0371
  SAT     0     3     5.8456
  SAT     0     1     5.7646
  SAT     2     3     6.0247
  SAT     1     5     5.8947
  SAT     4     6     6.1688
  SAT     0     2     5.9938
  SAT     0     1     5.8587
  SAT     0     1     5.8956
  SAT     0     1     5.6109
  SAT     0     3     5.9194
  SAT     0     3     5.9968
  SAT     0     1     5.7827
  SAT     0     1     5.7649
  SAT     0     5     5.8336
  SAT     0     1     5.7733
  SAT     2     4     5.9398
  SAT     0     1     5.9896
  SAT     0     1     5.7142
  SAT     0     0     5.7526
  SAT    10    14     6.3303
  SAT     0     0     5.9009
  SAT     0     2     6.0359
  SAT     1     4     5.9107
  SAT     0     2     5.7135
  SAT     1     2     6.0885
  SAT     1     2     5.8502
  SAT     1     2     5.9217
  SAT     0     1     5.7427
  SAT     0     0     5.7395
  SAT     4     7     6.1911
  SAT     0     1     5.8727
  SAT     0     3     5.9124
  SAT     1     3     5.8691
  SAT     0     2     5.8811
  SAT     2     5     6.1554
  SAT     2     4     5.8617
  SAT     0     2     5.9260
  SAT     1     5     6.2642
  SAT     0     1     5.6973
  SAT     1     2     5.9274
  SAT     0     1     5.6527
  SAT     4     7     6.0988
  SAT     0     0     5.9246
  SAT     0     0     5.9169
  SAT     3     7     6.0860
  SAT     0     2     5.8195
  SAT     0     2     6.0635
  SAT     0     0     5.7197
  SAT     2     4     6.0093
  SAT     1     6     5.9755
  SAT     0     0     5.9712
  SAT     0     3     5.7801
  SAT    24    29     7.1029
  SAT     2     4     5.9956
  SAT     0     0     6.0166
  SAT     0     1     5.6929
  SAT     4     8     6.1558
  SAT     0     1     5.8135
  SAT     0     0     6.2454
  SAT     0     3     5.8641
  SAT     0     2     5.9625
  SAT     4    10     6.0599
  SAT     4     8     6.4125
  SAT     1     2     5.7898
  SAT     0     3     6.0279
  SAT     0     3     5.7342
  SAT     1     3     6.1246
  SAT     0     0     5.8250
  SAT    28    30     7.5127
  SAT     3     5     6.1674
  SAT     0     1     5.7694
  SAT     0     1     5.9552
  SAT     9     9     6.1316
  SAT     0     0     5.7358
  SAT     0     2     6.0450
  SAT     0     3     5.8785
  SAT     0     2     5.9239
  SAT     1     4     5.8543
  SAT     1     4     6.2373
  SAT     0     4     5.8568
  SAT     0     2     5.8963
  SAT     0     3     5.6950
  SAT     1     2     5.9967
  SAT     0     3     5.7714
  SAT     0     2     5.9321
  SAT     2     5     6.0463
  SAT     0     3     5.9087
  SAT     0     1     5.9238
  SAT     0     4     5.8734
  SAT     0     0     6.0972
  SAT     2     5     5.8638
  SAT     0     0     5.7273
  SAT     0     1     5.8174
  SAT     0     3     5.8885
  SAT     3     4     5.8600
  SAT     3     5     6.1626
  SAT     1     5     5.9735
  SAT     4     7     6.1509
  SAT     0     2     6.1131
  SAT     0     3     5.7475
  SAT     0     1     5.9135
  SAT     3     6     6.0579
  SAT     0     2     5.9647
  SAT     0     2     5.7930
  SAT     1     2     6.2529
  SAT     0     2     5.8231
  SAT    11    14     6.4890
  SAT     3     5     5.9931
  SAT     8    12     6.2233
  SAT     0     0     5.7861
  SAT     0     2     5.7085
  SAT     1     4     5.7762
  SAT     0     2     6.1483
  SAT     0     1     5.7695
  SAT     0     2     5.8392
  SAT     0     0     5.7829
  SAT     0     3     6.0157
  SAT     0     0     5.8445
  SAT     0     1     5.8259
  SAT     1     3     5.6914
  SAT     0     3     6.1056
  SAT     4     6     5.9503
  SAT     0     1     5.6022
  SAT     0     2     6.1345
  SAT     2     7     6.1028
  SAT     1     6     6.1586
  SAT     0     3     6.0293
  SAT     0     1     5.8455
  SAT     1     4     6.0023
  SAT     2     4     5.8669
  SAT     0     1     5.9259
  SAT     1     4     5.8895
  SAT     2     3     5.9359
  SAT     0     1     5.8486
  SAT     0     2     5.9418
  SAT     4     6     6.1327
  SAT     0     1     5.8047
  SAT     0     1     5.8733
  SAT     0     3     5.9470
  SAT     1     2     5.8841
  SAT     2     5     5.8866
  SAT     0     2     5.8675
  SAT     0     3     6.1331
  SAT     0     1     5.7947
  SAT     0     1     5.8309
  SAT     0     0     5.9242
  SAT     0     1     5.7310
  SAT     1     7     5.9956
  SAT     0     2     5.7761
  SAT     0     1     5.9011
  SAT     0     5     6.0718
  SAT     0     4     6.0103
  SAT     0     2     5.8516
  SAT     0     0     5.9587
  SAT     0     2     5.8359
  SAT     0     1     5.6407
  SAT     0     0     5.8960
  SAT     1     3     5.6855
  SAT     1     3     6.0271
  SAT     3     6     6.1431
  SAT     1     3     5.7491
  SAT     0     1     5.9237
  SAT     4     7     6.1866
  SAT     0     3     5.8903
  SAT     0     2     5.7583
  SAT     0     3     6.1065
  SAT     2     4     5.8908
  SAT     0     1     5.8654
  SAT     0     2     5.9476
  SAT     3     4     5.8786
  SAT     0     2     5.7188
  SAT     2     3     5.6164
  SAT     0     2     5.9778
  SAT     0     0     5.8220
  SAT     1     2     6.1954
  SAT     3     6     5.8661
  SAT     3     6     5.8929
  SAT     0     4     6.1430
  SAT     0     1     5.7466
  SAT     2     4     6.1191
  SAT     0     2     5.7795
  SAT     0     1     5.9842
  SAT     0     2     5.9354
  SAT     0     2     5.9369
  SAT     0     2     5.6979
  SAT     0     0     5.7628
  SAT     8    14     6.4973
  SAT     0     3     5.8420
  SAT     0     3     6.0858
  SAT     0     2     5.7656
  SAT     0     2     5.9274
  SAT     0     2     5.9213
  SAT     0     2     5.7442
  SAT     1     2     5.9173
  SAT     0     1     5.8202
  SAT     0     1     5.8128
  SAT    30    34     7.3559
  SAT     0     2     5.6759
  SAT     2     9     6.1530
  SAT     5    10     6.1834
  SAT     0     5     5.9285
  SAT     3     6     5.8730
  SAT     0     1     5.7704
  SAT     2     6     5.9352
  SAT     0     2     5.9667
  SAT     1     2     5.8345
  SAT     0     1     5.8272
  SAT     1     2     6.0805
  SAT     2     6     5.9173
  SAT     4     7     6.2071
  SAT    21    24     6.8317
  SAT     0     1     5.6642
  SAT     2     3     5.9964
  SAT     0     4     6.1468
  SAT    30    34     7.4079
  SAT     0     3     5.7294
  SAT     1     3     5.8495
  SAT     2     4     5.8513
  SAT     0     1     5.6934
  SAT     5     7     6.0980
  SAT     0     3     6.0107
  SAT    61    64     9.1899
  SAT     4     9     6.0417
  SAT     5     7     5.7816
  SAT     0     1     5.9322
  SAT     0     3     5.8749
  SAT     0     2     5.9164
  SAT     1     2     5.7905
  SAT     0     2     6.1525
  SAT     0     1     5.8115
  SAT     0     0     5.8994
  SAT     0     1     5.8092
  SAT     0     3     5.8948
  SAT     0     1     5.8824
  SAT     0     0     5.8085
  SAT     0     1     5.8880
  SAT     0     0     5.7673
  SAT     0     1     5.7570
  SAT     1     4     5.8984
  SAT     0     3     5.7897
  SAT     1     4     5.9497
  SAT     0     0     5.8085
  SAT     0     2     5.9423
  SAT     0     5     5.8310
  SAT     0     4     5.9087
  SAT     0     1     5.8750
  SAT     0     3     6.0008
  SAT     2     7     6.0074
  SAT     0     2     5.7248
  SAT     3     6     5.9908
  SAT     1     2     5.8796
  SAT     1     4     6.0391
  SAT     1     4     5.9947
  SAT     0     1     5.6299
  SAT     0     1     5.9027
  SAT     4     6     5.9520
  SAT     1     4     5.9234
  SAT    14    16     6.3264
  SAT     2     6     6.1801
  SAT     2     5     5.8887
  SAT     0     2     6.1104
  SAT     0     3     5.7124
  SAT     0     2     5.9874
  SAT     1     4     5.8939
  SAT     1     3     5.8791
  SAT     0     1     5.8708
  SAT     1     3     5.7823
  SAT     0     3     6.0635
  SAT     0     0     5.7458
  SAT     0     2     5.8011
  SAT     0     2     5.8008
  SAT     4     7     5.8329
  SAT     4     7     5.9891
  SAT     0     2     5.8350
  SAT     0     1     6.1134
  SAT     0     1     5.6489
  SAT     1     5     6.0620
  SAT     0     3     5.6578
  SAT     1     2     5.9588
  SAT     0     4     5.8787
  SAT     3     5     6.0428
  SAT     0     2     5.9320
  SAT     0     2     5.8385
  SAT     0     0     5.6755
  SAT     2     4     5.9156
  SAT     0     0     5.9399
  SAT     9    12     6.3822
  SAT     5     8     6.3633
  SAT     7     8     5.9586
  SAT    18    21     6.7536
  SAT     0     2     6.1162
  SAT     0     1     5.7767
  SAT     0     1     5.9964
  SAT     3     6     6.1520
  SAT     0     2     5.8660
  SAT     0     1     5.7362
  SAT     1     2     5.9415
  SAT     1     4     5.9616
  SAT     0     2     5.8579
  SAT     0     1     5.9332
  SAT     0     2     6.0205
  SAT     0     0     5.8386
  SAT     0     0     5.7442
  SAT     0     0     5.6162
  SAT     0     1     6.1386
  SAT     1     4     5.9278
  SAT     1     4     6.0001
  SAT     1     3     5.8473
  SAT     5     7     5.8111
