  SAT     0     6     9.3053
  SAT     0     2     7.4421
  SAT     0    28     7.5365
  SAT     0     0     7.3067
  SAT   103   137    11.3079
  SAT    66   104     9.5633
  SAT    34    76     8.3806
  SAT    16    25     7.8177
  SAT     0     1     7.2462
  SAT     5    13     7.6286
  SAT     0    12     7.5282
  SAT   188   207    14.8739
  SAT     0     5     7.7257
  SAT    78   112     9.3070
  SAT    20    53     7.7935
  SAT     0     0     7.3054
  SAT     0     2     7.2716
  SAT    10    48     8.0071
  SAT    24    44     7.8707
  SAT     0     6     7.3359
  SAT     5    17     7.3870
  SAT    20    31     7.6418
  SAT     0    18     7.3663
  SAT     0     0     7.3934
  SAT    25    46     8.3430
  SAT     0     0     7.4117
  SAT    32    61     8.2144
  SAT     0     1     7.2867
  SAT     0    11     7.3024
  SAT     0     2     7.3891
  SAT     2    27     7.4572
  SAT     0     0     7.2452
  SAT     0     5     7.2798
  SAT   124   177    13.1467
  SAT   683   726    34.5565
  SAT     1    25     7.3393
  SAT    34    56     9.0878
  SAT    88   142    10.9620
  SAT    65   107     9.3173
  SAT     0     2     7.5184
  SAT    37    80     8.1128
  SAT     1    30     7.4805
  SAT    69    94    11.1408
  SAT    28    75     8.2002
  SAT     0     1     7.4016
  SAT     9    27     7.5311
  SAT    19    51     7.7998
  SAT     0     6     7.4476
  SAT     0    14     7.4126
  SAT     0     3     7.3466
  SAT     0     1     7.2439
  SAT     7    42     7.7878
  SAT     0     5     7.2079
  SAT     3    11     7.4680
  SAT     0     0     7.1827
  SAT    11    48     7.6337
  SAT     5    12     7.2340
  SAT     0     4     7.3459
  SAT    10    21     7.7160
  SAT    20    60     7.8358
  SAT     9    23     7.7858
  SAT     0     0     7.0789
  SAT    29    68     8.6361
  SAT     0     0     7.1723
  SAT    14    23     7.5272
  SAT     0     2     7.4488
  SAT   213   254    13.5768
  SAT    62   107     9.7047
  SAT     0     0     7.6164
  SAT     0     0     7.4300
  SAT     6    19     7.5378
  SAT  1126  1177    55.5823
  SAT    21    56     8.0936
  SAT    30    53     8.4639
  SAT    15    59     7.6347
  SAT    11    33     7.7172
  SAT     0     1     7.3099
  SAT     0     3     7.3535
  SAT    10    34     7.5258
  SAT     0     3     7.6395
  SAT    65    90     9.5415
  SAT     2     5     7.4936
  SAT     0     0     7.4262
  SAT     0     7     7.4819
  SAT    16    44     8.1319
  SAT     1    27     7.5918
  SAT     6    27     7.3622
  SAT     0    35     7.4859
  SAT     0     3     7.3071
  SAT     7    20     7.3289
  SAT    37    57     8.6937
  SAT     0     0     7.2710
  SAT     6    21     7.4235
  SAT    41    65     8.4680
  SAT   291   337    19.3800
  SAT     5    23     7.5112
  SAT     0     4     7.2129
  SAT     0     3     7.4279
  SAT     6    11     7.6558
  SAT     0     3     7.1235
  SAT    41    73     8.9482
  SAT     3    14     7.5000
  SAT     0     6     7.1857
  SAT    20    73     8.0666
  SAT     0     0     7.3784
  SAT     0    33     7.4238
  SAT     0    17     7.7322
  SAT     3     6     7.7078
  SAT     9    33     7.5367
  SAT     4    18     7.3913
  SAT     0     1     7.5309
  SAT   130   151    12.3446
  SAT    12    58     7.8009
  SAT     0     9     7.2428
  SAT     0     3     7.2709
  SAT     0     2     7.3948
  SAT     0    18     7.3618
  SAT     0     2     7.2126
  SAT     0     1     7.2436
  SAT     0     1     7.1960
  SAT    26    63     8.3620
  SAT   272   334    19.5255
  SAT     0    11     7.5635
  SAT     0     3     7.1949
  SAT     0     2     7.2950
  SAT    71    97     9.6654
  SAT     0     0     7.2231
  SAT   123   171    12.4197
  SAT   249   298    17.3861
  SAT     6    15     7.6042
  SAT    25    54     7.9823
  SAT     0    17     7.6413
  SAT     0     2     7.3288
  SAT     0     1     7.1977
  SAT     0     2     7.0989
  SAT     0     0     7.3643
  SAT    13    40     7.9761
  SAT    21    48     7.8084
  SAT     0     1     7.3809
  SAT     5    13     7.5425
  SAT     0     0     7.2355
  SAT     0     3     7.2899
  SAT     8    72     7.7660
  SAT     0     2     7.1809
  SAT    12    21     7.7334
  SAT    10    24     7.6194
  SAT    12    35     7.5478
  SAT     0     0     7.3448
  SAT     0     2     7.2953
  SAT     0    11     7.4006
  SAT    43    98     8.8018
  SAT     0    12     7.4910
  SAT    15    34     7.9780
  SAT    15    34     7.7640
  SAT     0     3     7.3216
  SAT     3    41     7.5166
  SAT    54    87     8.5457
  SAT    18    43     7.7788
  SAT     1    12     7.3206
  SAT     0     1     7.2316
  SAT     0     2     7.3718
  SAT   208   266    14.7797
  SAT     0     5     7.1625
  SAT   124   169    11.8555
  SAT     0     0     7.5862
  SAT     0     1     7.1431
  SAT     3    29     7.6162
  SAT   224   268    18.2295
  SAT     2     9     7.1802
  SAT    24    37     8.0301
  SAT     0    69     7.5605
  SAT     7    51     7.8716
  SAT     0     5     7.4274
  SAT    50    82     8.5555
  SAT     0    15     7.3783
  SAT     0     1     7.3752
  SAT    48   104     8.6840
  SAT    23    69     8.4410
  SAT     7    18     7.3430
  SAT     0     5     7.2669
  SAT     0     6     7.3537
  SAT     4    17     7.3759
  SAT     0    12     7.3027
  SAT     0     2     7.7781
  SAT     2     5     7.2493
  SAT    25    50     8.3138
  SAT    12    25     8.3076
  SAT    11    32     7.6442
  SAT     0     0     7.6571
  SAT     0     0     7.2088
  SAT    13    60     7.8489
  SAT     9    38     7.6170
  SAT     0     1     7.4397
  SAT     8    26     7.5993
  SAT    13    23     7.3864
  SAT    26    68     9.0237
  SAT     0     2     7.1883
  SAT     2     8     7.5847
  SAT     4     9     7.3626
  SAT     0     1     7.0966
  SAT     3    17     7.5007
  SAT    90   117    10.0280
  SAT     0     1     7.2916
  SAT     0     2     7.2368
  SAT     0     5     7.2655
  SAT     1    13     7.2227
  SAT    39    56     8.4100
  SAT     0     2     7.0887
  SAT     0     1     7.2421
  SAT     0     0     7.2900
  SAT    23    73     7.9555
  SAT     0     0     7.4432
  SAT    14    27     7.8557
  SAT     5    51     7.5181
  SAT     5    22     7.5964
  SAT     3    10     7.5715
  SAT     0     7     7.3519
  SAT     0     6     7.2052
  SAT     0     1     7.1389
  SAT     0     0     7.3844
  SAT   603   643    28.1092
  SAT     0     1     7.3702
  SAT     0     3     7.3520
  SAT     4    18     7.4385
  SAT     0     2     7.3183
  SAT     2     7     7.4037
  SAT     5    12     7.4201
  SAT     0     8     7.5508
  SAT    28    78     8.8284
  SAT     0     1     7.1447
  SAT     4     6     7.5105
  SAT     0     1     7.1508
  SAT   266   287    17.2917
  SAT     0     0     7.6575
  SAT     0     0     7.5323
  SAT    27    62     8.1728
  SAT     0     2     7.2821
  SAT     2    13     7.4250
  SAT     0     0     7.2226
  SAT    19    38     7.9815
  SAT    63   105    10.4400
  SAT     0     0     7.2111
  SAT     5    19     7.3308
  SAT    54   129     9.4356
  SAT     0    17     7.4227
  SAT     0     0     7.2829
  SAT     0     1     7.2201
  SAT    46    80     8.7896
  SAT     0     3     7.4539
  SAT     0     0     7.3901
  SAT     4    30     7.4325
  SAT     0     4     7.5385
  SAT    39    82     8.3204
  SAT    90   141    10.6743
  SAT     2     6     7.4252
  SAT     7    31     7.6454
  SAT     2     7     7.1835
  SAT    54    89     8.8810
  SAT     0     0     7.4420
  SAT    45    99     9.4260
  SAT    12    33     7.4810
  SAT     4    17     7.5010
  SAT     1    28     7.4983
  SAT    11    19     7.7178
  SAT     0     0     7.2124
  SAT     0     2     7.6036
  SAT     0     5     7.5466
  SAT     2     4     7.2605
  SAT     0     8     7.3663
  SAT    62    85     9.4012
  SAT     8    22     7.5090
  SAT     0     2     7.2685
  SAT     0     4     7.2497
  SAT     0     4     7.4215
  SAT     0    13     7.2535
  SAT     0     2     7.4396
  SAT    49    72     9.4099
  SAT    23    50     8.1921
  SAT     0     1     7.4620
  SAT    70    81    10.7282
  SAT     0     0     7.5422
  SAT     2    25     7.5100
  SAT     0     0     7.3573
  SAT     0     1     7.4488
  SAT     0     4     7.5547
  SAT     6    15     7.5987
  SAT    34    54     8.3919
  SAT     8    48     7.6315
  SAT    54    89     9.6827
  SAT     0     2     7.3575
  SAT     0     7     7.5496
  SAT     0     1     7.2554
  SAT    13    41     7.6904
  SAT   199   257    15.8493
  SAT     3    41     7.4187
  SAT    40    71     8.5852
  SAT     0     4     7.2702
  SAT    81   118    10.5229
  SAT    10    26     7.4850
  SAT    55   105     9.4098
  SAT     0     0     7.4741
  SAT     0     2     7.1564
  SAT     0     5     7.4918
  SAT     0     3     7.2789
  SAT     0     1     7.3028
  SAT     0     2     7.3999
  SAT     0     0     7.2939
  SAT    18   101     8.2466
  SAT     0     0     7.2256
  SAT     0     6     7.2742
  SAT    86   123     9.8161
  SAT    17    35     7.8746
  SAT     0     8     7.5393
  SAT     0     1     7.0758
  SAT    86   121    10.4234
  SAT    50    97     8.9874
  SAT    60   129    10.0181
  SAT    25    53     8.0475
  SAT     1    41     7.6290
  SAT    13    46     7.7044
  SAT     0     7     7.2562
  SAT     0     2     7.4251
  SAT     7    18     7.3282
  SAT     4    16     7.4578
  SAT     0     1     7.5549
  SAT    46    85     9.7038
  SAT    12    21     7.4886
  SAT     0     1     7.3265
  SAT     0     2     7.5056
  SAT    18    41     7.7662
  SAT    28    39     7.6837
  SAT     0    10     7.3575
  SAT     0     7     7.5948
  SAT     0    10     7.4637
  SAT     0     2     7.2385
  SAT     0     1     7.2512
  SAT     0     0     7.1952
  SAT     0     1     7.7344
  SAT    21    47     7.8626
  SAT     0     2     7.2604
  SAT     0     2     7.4363
  SAT   190   247    14.0368
  SAT   158   206    12.8841
  SAT     3    21     7.3792
  SAT     0     0     7.0200
  SAT    44    68     9.1430
  SAT     0     2     7.1062
  SAT     0     0     7.3260
  SAT     0    11     7.4306
  SAT    21    37     7.8957
  SAT    18    33     7.8299
  SAT    13    34     7.7593
  SAT     0     2     7.1352
  SAT    69   105     9.4793
  SAT     0     3     7.3786
  SAT     5    36     7.5776
  SAT     0    16     7.2681
  SAT    84   107     9.8388
  SAT    20    36     7.7281
  SAT     0     5     7.4699
  SAT    27    44     7.9221
  SAT     0     5     7.0148
  SAT     0     4     7.4205
  SAT     9    17     7.5205
  SAT     0     0     7.2496
  SAT    37    62     8.1944
  SAT    10    38     7.6795
  SAT     4    21     7.6216
  SAT    14    63     7.8511
  SAT     0     1     7.2475
  SAT     3    18     7.6878
  SAT     0     2     7.4312
  SAT     0     2     7.4977
  SAT     2     6     7.2512
  SAT    15    40     7.5398
  SAT     0     2     7.1696
  SAT     0     0     7.4324
  SAT   493   559    28.6305
  SAT     0     4     7.4284
  SAT    10    26     7.7785
  SAT     0     6     7.2301
  SAT     0     3     7.3373
  SAT     0     4     7.3895
  SAT     7    22     7.4298
  SAT     3     4     7.3648
  SAT     0     1     7.3940
  SAT     9    21     7.5185
  SAT   126   158    11.4225
  SAT    26    46     8.0807
  SAT   120   212    11.8446
  SAT     1    47     7.6468
  SAT   736   776    36.0156
  SAT    46    79     9.0280
  SAT     0     1     7.1832
  SAT    17    38     8.2299
  SAT    19    43     7.8327
  SAT     0     6     7.1068
  SAT     0     1     7.2385
  SAT     9    20     7.5173
  SAT     1     9     7.3705
  SAT    12    27     7.9047
  SAT    43    78     9.0764
  SAT     0     2     7.4801
  SAT    24    69     7.9539
  SAT     1    55     8.0022
  SAT   411   458    23.0428
  SAT     2     9     7.5043
  SAT    10    22     7.5327
  SAT     5    18     7.2023
  SAT     0     1     7.1494
  SAT    22    28     7.8633
  SAT     9    17     7.3511
  SAT   402   449    22.5830
  SAT    16    55     7.9065
  SAT     7    18     7.4211
  SAT     0     1     7.2754
  SAT     0     3     7.2844
  SAT     0     5     7.3160
  SAT     0     3     7.2236
  SAT     1    32     7.6609
  SAT     0     1     7.1817
  SAT     0     0     7.3211
  SAT     0     1     7.2210
  SAT     0    16     7.4710
  SAT     0     1     7.4479
  SAT     0     0     7.1976
  SAT     0     1     7.3261
  SAT     0     0     7.2342
  SAT     0     1     7.3593
  SAT     0     8     7.2620
  SAT     0     8     7.4865
  SAT    36    49     7.8878
  SAT     0     0     7.4100
  SAT    18    52     7.9290
  SAT     8    31     7.6484
  SAT     0     4     7.2335
  SAT     0     1     7.4165
  SAT     0     4     7.4128
  SAT    81   156    10.3487
  SAT     0     2     7.2141
  SAT     0     6     7.5007
  SAT     2    23     7.3480
  SAT    30    60     8.1124
  SAT    59   100     9.8529
  SAT     0     1     7.2969
  SAT     0    10     7.3747
  SAT    20    24     7.7184
  SAT    16    57     8.0448
  SAT    22    50     8.0386
  SAT    21    49     8.0381
  SAT    42    77     8.7146
  SAT    17    30     7.9060
  SAT     0     3     7.0895
  SAT     0    15     7.5849
  SAT    52    91     9.3704
  SAT     0     6     7.5126
  SAT     0     1     7.2940
  SAT     4    16     7.3803
  SAT    10    32     7.7273
  SAT     0     0     7.1606
  SAT     0     3     7.2605
  SAT     2     8     7.3416
  SAT     3    14     7.4096
  SAT    32    72     8.4425
  SAT     4    18     7.6957
  SAT    18    48     7.8504
  SAT     0     2     7.4278
  SAT     8    29     7.5177
  SAT     3    29     7.1731
  SAT     2    21     7.4734
  SAT    57   110     9.1041
  SAT    34    54     8.2955
  SAT     0     5     7.3560
  SAT     9    43     7.5101
  SAT     0     0     7.3553
  SAT     0    15     7.4707
  SAT     0     0     7.2175
  SAT    34    73     8.9313
  SAT   162   193    14.0369
  SAT     0    17     7.2453
  SAT    81   118    10.8929
  SAT     8    25     7.6011
  SAT     0     1     7.3874
  SAT     0     2     7.4406
  SAT    21    77     8.3453
  SAT     0     2     7.2967
  SAT     0     1     7.1304
  SAT     0     7     7.4471
  SAT    18    46     7.8028
  SAT     6    12     7.4076
  SAT     0     2     7.4324
  SAT    27    65     8.1552
  SAT     0     0     7.3707
  SAT     0     0     7.3370
  SAT     0     0     7.3719
  SAT     0     1     7.5104
  SAT    48    83     9.3090
  SAT    21    48     7.8628
  SAT     0     4     7.4407
  SAT     6    23     7.5914
