  SAT     0     2     6.3768
  SAT     0     2     6.0988
  SAT     1     6     6.1344
  SAT     0     0     5.7812
  SAT     0     5     6.0749
  SAT     0     9     6.2457
  SAT     0     4     5.9353
  SAT     0     3     5.9077
  SAT     0     1     5.9157
  SAT     0     4     6.0949
  SAT     0     4     5.9023
  SAT     0     4     5.8527
  SAT     0     2     5.9918
  SAT     1     6     5.8359
  SAT     0     5     5.8338
  SAT     0     0     5.9130
  SAT     0     2     5.7672
  SAT     0     7     5.8485
  SAT     1     5     5.9954
  SAT     0     2     5.8204
  SAT     0     2     5.8254
  SAT     1     2     5.9009
  SAT     0     4     5.9102
  SAT     0     0     5.6973
  SAT     0     1     5.9457
  SAT     0     0     5.8346
  SAT     4     8     6.0928
  SAT     0     1     5.9555
  SAT     0     2     5.8570
  SAT     0     1     5.8689
  SAT     0     3     5.9870
  SAT     0     0     5.8276
  SAT     0     2     5.8434
  SAT     2     6     6.1059
  SAT     0     9     5.9406
  SAT     0     3     5.9564
  SAT     1     6     6.0109
  SAT     0     5     6.1458
  SAT     0     7     5.9114
  SAT     0     2     6.0998
  SAT     0     5     5.9453
  SAT     0     3     5.9719
  SAT     5    13     6.3404
  SAT     0     7     6.1655
  SAT     0     1     5.9121
  SAT     0     2     5.7226
  SAT     0     3     6.2531
  SAT     0     2     5.7774
  SAT     0     3     5.9137
  SAT     0     1     5.8560
  SAT     0     1     5.9840
  SAT     0     4     5.8064
  SAT     0     2     5.8312
  SAT     0     4     5.8914
  SAT     0     0     5.7314
  SAT     1     8     6.0541
  SAT     0     2     5.7830
  SAT     0     2     5.9331
  SAT     0     1     5.7926
  SAT     0     4     5.8652
  SAT     0     2     5.8980
  SAT     0     0     5.7255
  SAT     0     6     6.0046
  SAT     0     0     5.7323
  SAT     0     1     5.8332
  SAT     0     2     6.1101
  SAT     0     6     5.9528
  SAT     2    10     5.8675
  SAT     0     0     5.7713
  SAT     0     0     5.7759
  SAT     0     3     5.8449
  SAT     0     8     6.0692
  SAT     0     5     6.0797
  SAT     0     7     5.7519
  SAT     0     4     6.0028
  SAT     0     7     5.9036
  SAT     0     1     5.8922
  SAT     0     2     6.0100
  SAT     1     5     5.8456
  SAT     0     3     6.0772
  SAT     1     7     5.9619
  SAT     0     1     5.8111
  SAT     0     0     5.7517
  SAT     0     2     5.8818
  SAT     0     5     5.9482
  SAT     0     6     5.7432
  SAT     0     3     5.8297
  SAT     0     5     5.8239
  SAT     0     1     6.0002
  SAT     0     4     5.7752
  SAT     4    10     6.1838
  SAT     0     0     5.7516
  SAT     0     3     5.6194
  SAT     1     4     5.8909
  SAT     0     8     6.1404
  SAT     0     3     5.8094
  SAT     0     1     5.7498
  SAT     0     2     5.8954
  SAT     0     4     5.9099
  SAT     0     2     5.7710
  SAT     0    10     6.0598
  SAT     0     2     6.0542
  SAT     0     3     5.6654
  SAT     0     7     6.0392
  SAT     0     0     5.7254
  SAT     0     6     5.9806
  SAT     0     4     6.1892
  SAT     0     2     5.7641
  SAT     0     2     5.9955
  SAT     1     5     6.0661
  SAT     0     1     5.7598
  SAT     1     5     5.8674
  SAT     0     7     6.0489
  SAT     0     2     5.8329
  SAT     0     3     5.6849
  SAT     0     2     5.7571
  SAT     0     4     5.9525
  SAT     0     2     5.9997
  SAT     0     1     5.6982
  SAT     0     1     5.5971
  SAT     1    10     5.9296
  SAT     0     9     6.3167
  SAT     0     3     5.8543
  SAT     0     2     5.7914
  SAT     0     2     5.8357
  SAT     1     4     5.8767
  SAT     0     0     5.8275
  SAT     0     7     6.2726
  SAT     1     8     5.8722
  SAT     0     2     5.8404
  SAT     0     3     6.0963
  SAT     0     5     5.9428
  SAT     0     1     5.7071
  SAT     0     1     5.8181
  SAT     0     2     5.7411
  SAT     0     0     5.9271
  SAT     0     5     5.8154
  SAT     0     7     5.8607
  SAT     0     1     5.8024
  SAT     0     5     6.0267
  SAT     0     0     5.7591
  SAT     0     2     5.7400
  SAT     1     7     6.2431
  SAT     0     2     5.7710
  SAT     0     4     5.9093
  SAT     0     4     5.8469
  SAT     2     8     5.9942
  SAT     0     0     5.8784
  SAT     0     1     5.7974
  SAT     0     3     6.0425
  SAT     1     8     5.9972
  SAT     0     2     5.8634
  SAT     0     2     5.9642
  SAT     0     4     5.7777
  SAT     0     1     6.0758
  SAT     3     7     5.9982
  SAT     0     3     6.0849
  SAT     0     6     5.9120
  SAT     0     3     5.9963
  SAT     0     1     5.7967
  SAT     0     2     5.8012
  SAT     1     8     6.3247
  SAT     0     1     5.6065
  SAT     0     8     6.0655
  SAT     0     0     5.9306
  SAT     0     1     5.7318
  SAT     0     4     6.2590
  SAT     0     6     5.9094
  SAT     0     3     5.6342
  SAT     0     3     5.9422
  SAT     1     8     5.9545
  SAT     0     6     6.0232
  SAT     0     1     5.8076
  SAT     0     7     6.1313
  SAT     0     4     5.7387
  SAT     0     1     5.7801
  SAT     2     8     5.9112
  SAT     1     4     6.2758
  SAT     0     6     5.8351
  SAT     0     1     5.7003
  SAT     0     1     5.9047
  SAT     0     4     5.8684
  SAT     0     3     5.6394
  SAT     0     2     5.9087
  SAT     0     1     5.8188
  SAT     0     7     6.1423
  SAT     0     5     5.8920
  SAT     0     5     5.8484
  SAT     0     0     6.0841
  SAT     0     0     5.8319
  SAT     4     6     6.3115
  SAT     0     7     6.1237
  SAT     0     1     5.7124
  SAT     0     4     5.8036
  SAT     0     4     6.0181
  SAT     0     7     5.8711
  SAT     0     2     5.9727
  SAT     0     2     5.7411
  SAT     0     3     5.8994
  SAT     0     1     5.8159
  SAT     0     3     5.8987
  SAT     0     9     5.8213
  SAT     0     1     5.9990
  SAT     0     1     5.7580
  SAT     0     5     5.7690
  SAT     0     4     5.8206
  SAT     0     4     5.9719
  SAT     0     1     5.7261
  SAT     0     1     5.5841
  SAT     0     0     5.9585
  SAT     0     6     6.2325
  SAT     0     0     5.6677
  SAT     0     4     6.0105
  SAT     0     8     5.8610
  SAT     0     4     5.9576
  SAT     0     3     5.7743
  SAT     0     2     5.9992
  SAT     0     2     5.7434
  SAT     0     1     5.7457
  SAT     0     0     5.8023
  SAT     0     4     5.8868
  SAT     0     1     6.0875
  SAT     0     3     5.7910
  SAT     0     3     5.8025
  SAT     0     2     5.8131
  SAT     1     4     6.1125
  SAT     0     2     5.8467
  SAT     0     1     6.0005
  SAT     1     5     5.9583
  SAT     0     1     5.8672
  SAT     0     1     5.7581
  SAT     0     1     5.5488
  SAT     0     8     5.9718
  SAT     0     0     5.9399
  SAT     0     0     5.7737
  SAT     0     4     6.0962
  SAT     0     2     5.6810
  SAT     0     3     5.9329
  SAT     0     0     5.7110
  SAT     4     7     6.2099
  SAT     1     8     6.1354
  SAT     0     0     5.7116
  SAT     0     3     5.9024
  SAT     0     8     6.1804
  SAT     0     1     5.7463
  SAT     0     0     6.0271
  SAT     0     1     5.7093
  SAT     0     3     5.9311
  SAT     0     1     6.0349
  SAT     0     0     5.9148
  SAT     0     4     6.0970
  SAT     0     4     5.7746
  SAT     0     5     6.1257
  SAT     0     7     5.9858
  SAT     0     2     5.8517
  SAT     0     4     6.1036
  SAT     0     3     5.7210
  SAT     0     6     5.8953
  SAT     0     0     6.0373
  SAT     0    10     5.9057
  SAT     0     3     5.8965
  SAT     0     2     5.8548
  SAT     0     4     5.9285
  SAT     1     2     6.0729
  SAT     0     0     5.7086
  SAT     0     2     6.0184
  SAT     0     3     5.7316
  SAT     0     2     5.9290
  SAT     0     3     5.8881
  SAT     0     6     6.0834
  SAT     0     5     5.9942
  SAT     0     2     5.6426
  SAT     0     3     6.0164
  SAT     0     1     5.8248
  SAT     0     3     5.8516
  SAT     0     2     5.9699
  SAT     0     4     5.8671
  SAT     1     6     5.7779
  SAT     0     1     5.8877
  SAT     0     2     6.0560
  SAT     0     0     5.7481
  SAT     0     4     5.7405
  SAT     0     0     5.8862
  SAT     0     1     5.9182
  SAT     0     3     5.8182
  SAT     0     2     6.0083
  SAT     0     3     5.8734
  SAT     1     9     5.8839
  SAT     1     6     5.8833
  SAT     0     2     5.9923
  SAT     0     3     5.6536
  SAT     0     1     5.8284
  SAT     0     7     6.0823
  SAT     0     6     5.9382
  SAT     0     7     6.0606
  SAT     0     7     6.1724
  SAT     0     2     5.8050
  SAT     0     5     5.8059
  SAT     0     3     6.1963
  SAT     0     9     5.9218
  SAT     0     0     5.7186
  SAT     0     2     5.8062
  SAT     0     3     5.8986
  SAT     0     2     5.7553
  SAT     0     1     6.0722
  SAT     0     2     5.8205
  SAT     0     0     5.7703
  SAT     0     7     5.9003
  SAT     0     0     5.8887
  SAT     0     4     5.8034
  SAT     0     6     5.8301
  SAT     0     6     5.9289
  SAT     0     2     5.8434
  SAT     0     1     5.7046
  SAT     1     7     6.0432
  SAT     0     6     6.1674
  SAT     1    13     6.1140
  SAT     0     3     5.9796
  SAT     0     6     5.9238
  SAT     1     7     6.0287
  SAT     0     2     5.8356
  SAT     0     1     5.9479
  SAT     0     2     5.8473
  SAT     0     3     5.9250
  SAT     0     1     5.8372
  SAT     3    11     6.2583
  SAT     0     3     5.8120
  SAT     0     1     5.9024
  SAT     0     1     5.8288
  SAT     0     7     5.9260
  SAT     0     3     5.9710
  SAT     0     4     5.8988
  SAT     0     2     5.9009
  SAT     0     5     6.2277
  SAT     0     1     5.8726
  SAT     0     1     5.7080
  SAT     0     0     5.5680
  SAT     0     1     5.8000
  SAT     0     8     6.2386
  SAT     0     2     5.6620
  SAT     0     1     5.9868
  SAT     0    13     5.9889
  SAT     1     9     6.1725
  SAT     1     5     5.8097
  SAT     0     0     5.6835
  SAT     0     2     5.9564
  SAT     0     1     5.7443
  SAT     0     0     5.6133
  SAT     0     3     6.0246
  SAT     0     2     5.8483
  SAT     0     4     5.9433
  SAT     0     5     6.0716
  SAT     0     1     5.7261
  SAT     0     3     5.8753
  SAT     0     3     5.6391
  SAT     0     5     5.9021
  SAT     0     4     6.1544
  SAT     0     4     5.8613
  SAT     1     5     5.8118
  SAT     0     3     5.9318
  SAT     0     3     6.0558
  SAT     0     2     5.7146
  SAT     0     2     5.7228
  SAT     0     2     5.8241
  SAT     0     0     5.7702
  SAT     0     4     5.9499
  SAT     0     4     6.0285
  SAT     0     2     5.9324
  SAT     0     5     5.9385
  SAT     0     1     6.0392
  SAT     1     6     5.9375
  SAT     0     2     5.9464
  SAT     0     1     5.8863
  SAT     0     2     5.8044
  SAT     1     4     5.8286
  SAT     0     2     5.8368
  SAT     0     0     5.8676
  SAT     0    10     5.8695
  SAT     0     3     5.9587
  SAT     0     6     5.9244
  SAT     0     2     5.8155
  SAT     0     2     5.8238
  SAT     0     2     5.8628
  SAT     0     3     5.9589
  SAT     1     2     5.9780
  SAT     0     1     5.8244
  SAT     0     6     5.7845
  SAT     0     5     5.9578
  SAT     4     7     6.0796
  SAT     1    15     5.9156
  SAT     0     6     5.9832
  SAT     0     4     6.0549
  SAT     1    10     5.8732
  SAT     0     1     5.8453
  SAT     0     7     5.7117
  SAT     1     7     6.0443
  SAT     0     1     5.6562
  SAT     0     1     5.8223
  SAT     0     4     5.9780
  SAT     0     4     5.7919
  SAT     1     5     6.0291
  SAT     1     8     6.0491
  SAT     0     1     5.7814
  SAT     2     9     5.9500
  SAT     0     4     5.9820
  SAT     3     7     6.0280
  SAT     0     3     5.7658
  SAT     0     1     5.9014
  SAT     1     5     5.8193
  SAT     0     1     5.7780
  SAT     0     2     5.9797
  SAT     0     4     5.9266
  SAT     0     7     5.9039
  SAT     0     5     6.0596
  SAT     0     4     5.7540
  SAT     0     1     5.8903
  SAT     0     3     5.5876
  SAT     0     1     6.1014
  SAT     0     1     5.7133
  SAT     0     5     6.0003
  SAT     0     1     5.7319
  SAT     0     0     5.8689
  SAT     0     1     5.8712
  SAT     0     4     6.0732
  SAT     0     1     5.9033
  SAT     0     0     5.6804
  SAT     0     1     5.9143
  SAT     0     0     5.8431
  SAT     0     1     5.7759
  SAT     0     2     5.9347
  SAT     0     3     5.8231
  SAT     0     4     5.8305
  SAT     0     0     5.8538
  SAT     0     6     5.9861
  SAT     1     8     5.9502
  SAT     0     4     5.8035
  SAT     0     1     5.9020
  SAT     0     3     5.8448
  SAT     1    13     6.0615
  SAT     0     2     5.9394
  SAT     0     3     5.8859
  SAT     0     4     5.7917
  SAT     1     6     6.0581
  SAT     0     7     6.2138
  SAT     0     1     5.6716
  SAT     0     3     5.8664
  SAT     0     3     5.9580
  SAT     0     7     5.8279
  SAT     0     4     5.8602
  SAT     0     5     6.0384
  SAT     2     8     6.0998
  SAT     0     3     5.8099
  SAT     0     3     5.9228
  SAT     0     3     5.7959
  SAT     0     7     6.1746
  SAT     1     3     5.8985
  SAT     0     1     5.8110
  SAT     0     2     5.8973
  SAT     0     7     6.0046
  SAT     0     0     5.7103
  SAT     0     2     5.7444
  SAT     0     3     6.0391
  SAT     2     6     5.8110
  SAT     1     6     5.8098
  SAT     0     4     5.8456
  SAT     0     7     5.9977
  SAT     0     1     5.8003
  SAT     0     5     6.1883
  SAT     0     6     5.7446
  SAT     0     5     5.6838
  SAT     1    12     5.9245
  SAT     0     5     5.9154
  SAT     0     2     5.8202
  SAT     0     6     5.9274
  SAT     0     0     5.8702
  SAT     0     2     6.0406
  SAT     0     0     5.7037
  SAT     0     6     5.8098
  SAT     0     7     5.9913
  SAT     1     2     6.1517
  SAT     2     8     6.0016
  SAT     0     4     5.8691
  SAT     0     1     5.8874
  SAT     0     1     5.8714
  SAT     0     6     6.0257
  SAT     0     2     5.7544
  SAT     0     1     5.6332
  SAT     0     3     5.9882
  SAT     2     5     5.9207
  SAT     0     3     5.7422
  SAT     0     1     5.8566
  SAT     0     5     5.8938
  SAT     0     0     5.9301
  SAT     0     0     5.7010
  SAT     0     0     5.6676
  SAT     0     1     5.9433
  SAT     0    10     5.7910
  SAT     1     4     5.8362
  SAT     1     3     5.8841
  SAT     0     3     5.9707
