  SAT     0     1     8.8093
  SAT     0     0     7.6243
  SAT     0     3     7.7866
  SAT     2     4     7.4800
  SAT     0     2     7.4275
  SAT     0     0     7.5021
  SAT     0     2     7.5301
  SAT     0     2     7.6175
  SAT     0     2     7.6184
  SAT     0     2     7.4523
  SAT     3     6     7.8916
  SAT     0     3     7.6212
  SAT     1     4     7.4882
  SAT     4     8     8.2027
  SAT     0     1     7.4241
  SAT     1     2     7.5403
  SAT     0     1     7.6943
  SAT     3     9     7.6535
  SAT     0     1     7.3817
  SAT     1     5     7.5562
  SAT     1     3     7.4197
  SAT     0     1     7.4784
  SAT    17    22     8.3563
  SAT     0     3     7.6367
  SAT     2     7     7.6364
  SAT     0     2     7.5256
  SAT     0     0     7.4164
  SAT     0     1     7.5011
  SAT     1     3     7.5325
  SAT     4     8     7.7239
  SAT     0     1     7.5916
  SAT     7    14     7.9959
  SAT     0     1     7.6482
  SAT     0     1     7.5978
  SAT     0     1     7.5958
  SAT     0     1     7.4221
  SAT     0     0     7.4690
  SAT     1     3     7.5395
  SAT     0     2     7.5038
  SAT     0     2     7.5933
  SAT     0     0     7.4182
  SAT     0     0     7.3014
  SAT     8    11     7.8738
  SAT     0     2     7.6692
  SAT     0     1     7.5159
  SAT     0     2     7.3920
  SAT     0     2     7.5574
  SAT     0     4     7.7629
  SAT     2     4     7.5045
  SAT    11    14     8.7367
  SAT     0     0     7.4147
  SAT     6    10     8.0725
  SAT     0     2     7.3099
  SAT     0     1     7.6182
  SAT     4     6     7.6079
  SAT     3     7     7.7264
  SAT     2     6     7.9384
  SAT     2     5     7.7424
  SAT     0     3     7.4379
  SAT     0     0     7.5837
  SAT     0     0     7.3953
  SAT     1     4     7.7730
  SAT     0     1     7.7800
  SAT     3     6     7.6919
  SAT     0     3     7.7916
  SAT     0     3     7.3561
  SAT     4     7     7.9065
  SAT     0     4     7.5055
  SAT     1     4     7.8171
  SAT     0     0     7.2412
  SAT     0     3     7.7775
  SAT     5     8     7.5573
  SAT     0     2     7.4372
  SAT     0     5     7.5610
  SAT     0     0     7.3385
  SAT     2     3     7.5504
  SAT     2     3     7.7285
  SAT     1     3     7.3356
  SAT     0     0     7.3899
  SAT     0     1     7.5164
  SAT     0     2     7.2797
  SAT     1     5     7.7320
  SAT     0     2     7.6722
  SAT     0     2     7.4488
  SAT     0     1     7.4346
  SAT     1     3     7.5694
  SAT     1     4     7.5779
  SAT     0     3     7.7021
  SAT     0     3     7.5448
  SAT     1     4     7.5576
  SAT     0     1     7.5568
  SAT     0     3     7.6538
  SAT     0     1     7.4014
  SAT     8    12     8.0408
  SAT     0     1     7.5960
  SAT     0     0     7.3254
  SAT     0     1     7.8636
  SAT     0     2     7.6900
  SAT     1     3     7.2830
  SAT     1     4     7.8091
  SAT     1     3     7.8805
  SAT     3     6     7.6137
  SAT     0     2     7.8171
  SAT     0     1     7.3475
  SAT     0     4     7.6271
  SAT     0     1     7.4989
  SAT     0     0     7.4933
  SAT     0     2     7.3517
  SAT     0     1     7.6687
  SAT     0     3     7.6621
  SAT     2     7     7.9220
  SAT     0     1     7.3809
  SAT     0     3     7.7182
  SAT     0     1     7.3192
  SAT     0     1     7.4831
  SAT    15    20     8.4517
  SAT     0     4     7.3924
  SAT     0     3     7.7334
  SAT     2     5     7.6147
  SAT     0     3     7.4649
  SAT     0     1     7.5445
  SAT     0     3     7.5850
  SAT     0     1     7.5543
  SAT     0     1     7.3732
  SAT     0     1     7.3768
  SAT     1     4     7.6965
  SAT     0     1     7.4838
  SAT     1     5     7.5313
  SAT     1     5     7.7656
  SAT     0     2     7.6945
  SAT     0     2     7.8080
  SAT     0     3     7.6433
  SAT     0     1     7.5765
  SAT     0     1     7.5516
  SAT     0     2     7.6116
  SAT     1     2     7.5323
  SAT     3     4     7.8864
  SAT     0     1     7.3903
  SAT     3     6     7.6821
  SAT     0     3     7.8565
  SAT     5    10     7.9645
  SAT     0     4     7.8460
  SAT     0     2     7.7166
  SAT     7    12     7.9224
  SAT     0     1     7.4156
  SAT     1     4     7.9048
  SAT     0     3     7.4397
  SAT     0     3     7.6217
  SAT     3     5     7.6229
  SAT     0     2     7.5437
  SAT     0     1     7.4456
  SAT     5     9     8.1297
  SAT     0     2     7.4767
  SAT     0     6     7.4845
  SAT     0     2     7.5087
  SAT     2     5     7.9276
  SAT     0     1     7.5418
  SAT     2     4     7.8893
  SAT     1     5     7.5931
  SAT     0     2     7.6473
  SAT     0     1     7.4376
  SAT     0     3     7.6028
  SAT     0     3     7.6324
  SAT     0     1     7.8047
  SAT     0     1     7.4172
  SAT     0     3     7.7383
  SAT     0     0     7.3610
  SAT     2     5     7.8910
  SAT     0     0     7.4459
  SAT     6     8     7.8896
  SAT     4    11     7.5943
  SAT     0     2     7.4880
  SAT     0     2     7.6070
  SAT     0     1     7.7919
  SAT     0     0     7.4558
  SAT     0     1     7.4705
  SAT     0     2     7.5082
  SAT     9    10     7.9194
  SAT     2     4     7.7900
  SAT     7    11     7.7835
  SAT     0     2     7.7547
  SAT     0     0     7.6984
  SAT     0     3     7.6053
  SAT     3     7     7.7246
  SAT     2     6     7.8281
  SAT     8    14     7.9611
  SAT     0     3     8.0105
  SAT     0     2     7.4970
  SAT     0     2     7.5475
  SAT     0     2     7.4985
  SAT     3     5     7.7902
  SAT     0     2     7.6853
  SAT     0     1     7.6180
  SAT     0     1     7.4195
  SAT     1     5     7.5016
  SAT     0     4     7.8679
  SAT     1     6     7.5738
  SAT    10    14     7.7731
  SAT     2     5     7.6231
  SAT     0     3     7.7416
  SAT     0     1     7.3727
  SAT     0     2     7.5239
  SAT     0     1     7.4289
  SAT     1     4     7.6728
  SAT     0     2     7.3794
  SAT     0     1     7.6236
  SAT     0     0     7.3923
  SAT     4     8     7.9157
  SAT     0     5     7.5653
  SAT     0     1     7.6505
  SAT     0     3     7.6097
  SAT     0     2     7.6337
  SAT     0     2     7.6072
  SAT     0     2     7.6583
  SAT     3     5     7.5173
  SAT     0     4     7.6289
  SAT     0     2     7.6304
  SAT     0     2     7.2965
  SAT   114   116    13.0101
  SAT     0     3     7.3114
  SAT     0     1     7.4861
  SAT     6     9     8.1805
  SAT     0     0     7.4311
  SAT     0     3     7.6138
  SAT     0     1     7.5161
  SAT    15    19     8.2515
  SAT     6    11     7.7030
  SAT     0     3     7.5880
  SAT     2     3     7.8100
  SAT     0     1     7.4293
  SAT     1     5     7.8292
  SAT     2     7     7.7326
  SAT     0     0     7.6514
  SAT     0     1     7.4452
  SAT     0     5     7.5762
  SAT     4     7     7.8385
  SAT     0     1     7.3637
  SAT     0     3     7.6006
  SAT     0     2     7.5353
  SAT     0     0     7.3733
  SAT     6    11     8.1348
  SAT     0     4     7.6916
  SAT     0     2     7.4105
  SAT     0     2     7.4543
  SAT     0     1     7.1815
  SAT     0     3     7.6779
  SAT     0     1     7.5916
  SAT     0     0     7.4842
  SAT     0     0     7.4726
  SAT     1     4     7.8979
  SAT     1     7     7.9381
  SAT     0     2     7.3846
  SAT     0     1     7.3744
  SAT     0     1     7.4450
  SAT     4     6     7.8773
  SAT     1     3     7.5854
  SAT     0     2     7.3383
  SAT     0     1     7.8440
  SAT     4     6     7.5268
  SAT     0     2     7.7043
  SAT     0     0     7.4435
  SAT     0     4     7.7809
  SAT     0     2     7.6662
  SAT     0     1     7.3356
  SAT     0     2     7.5080
  SAT     1     4     7.9827
  SAT     2     8     7.7274
  SAT     0     2     7.5249
  SAT     2     4     7.7140
  SAT     0     2     7.7155
  SAT     1     3     7.7554
  SAT     0     2     7.6665
  SAT     0     4     7.7310
  SAT     0     3     7.4545
  SAT     0     3     7.5309
  SAT     1     3     7.6159
  SAT     0     3     7.8412
  SAT     0     2     7.3268
  SAT     0     4     7.5051
  SAT     0     3     7.6483
  SAT     0     3     7.3802
  SAT     0     2     7.5436
  SAT     3    10     7.7565
  SAT     0     1     7.5710
  SAT     0     2     7.6761
  SAT     0     2     7.6600
  SAT     0     2     7.4554
  SAT     5     9     7.7710
  SAT     0     1     7.5401
  SAT     0     1     7.6521
  SAT     0     2     7.4452
  SAT     3     6     7.5838
  SAT     0     3     7.6360
  SAT     0     4     7.6088
  SAT     3     7     7.6465
  SAT     4     8     7.8114
  SAT     2     4     7.4034
  SAT     0     1     7.2750
  SAT     1     5     7.6398
  SAT     0     1     7.3095
  SAT     0     4     7.8455
  SAT     0     0     7.2927
  SAT     0     2     7.3580
  SAT     0     2     7.5305
  SAT     0     2     7.5110
  SAT     2     4     7.9502
  SAT     0     4     7.8041
  SAT     0     1     7.4484
  SAT     0     1     7.4331
  SAT     0     4     7.5812
  SAT     0     1     7.7475
  SAT    69    71    10.4138
  SAT     0     1     7.5414
  SAT     1     3     7.5944
  SAT     2     5     7.4748
  SAT     1     4     7.6038
  SAT     5    10     7.8934
  SAT     0     4     7.5146
  SAT     3     5     7.5874
  SAT     0     2     7.4922
  SAT     0     1     7.6148
  SAT     0     1     7.5449
  SAT     0     1     7.3197
  SAT     0     3     7.5644
  SAT     4     6     7.6533
  SAT     0     2     7.3661
  SAT     0     2     7.6406
  SAT     2     5     7.4950
  SAT     0     3     7.5009
  SAT     3     7     7.5336
  SAT     0     1     7.2822
  SAT     2     4     7.6741
  SAT     0     3     7.6646
  SAT     1     2     7.6627
  SAT    20    23     9.0452
  SAT     0     3     7.5362
  SAT     0     1     7.4194
  SAT     0     2     7.4813
  SAT     0     1     7.4162
  SAT     0     2     7.5113
  SAT    12    14     8.1903
  SAT     0     2     7.5267
  SAT     1     2     7.5413
  SAT     4     8     7.9374
  SAT     0     1     7.5529
  SAT     0     4     7.5774
  SAT     3     5     7.7103
  SAT     0     2     7.5902
  SAT     0     1     7.4265
  SAT     0     2     7.6498
  SAT     4     7     7.9743
  SAT     0     1     7.2761
  SAT     0     3     7.7618
  SAT     2     6     7.9535
  SAT     0     3     7.4498
  SAT     2     5     8.1011
  SAT     0     1     7.3966
  SAT     0     4     7.6621
  SAT     0     2     7.7198
  SAT     0     3     7.5248
  SAT     0     3     7.5651
  SAT     0     1     7.2564
  SAT     0     2     7.7542
  SAT     0     2     7.3761
  SAT     0     1     7.6149
  SAT     0     3     7.4272
  SAT     2     5     7.4522
  SAT     1     4     7.5208
  SAT     0     1     7.3224
  SAT     0     2     7.4423
  SAT     0     1     7.5638
  SAT     1     3     7.3688
  SAT     0     2     7.5683
  SAT     0     1     7.4402
  SAT     3     9     7.8159
  SAT     0     3     7.3367
  SAT     0     3     7.4455
  SAT     0     2     7.5088
  SAT     0     4     7.6414
  SAT    19    23     8.5573
  SAT     5     9     7.5048
  SAT     0     3     7.4571
  SAT     0     1     7.4092
  SAT     8    10     7.9701
  SAT     2     8     7.8754
  SAT     0     2     7.4612
  SAT     0     3     7.7995
  SAT     0     2     7.3328
  SAT     0     2     7.4433
  SAT     3     4     7.8416
  SAT     1     5     7.6767
  SAT     1     4     7.7832
  SAT     0     1     7.4545
  SAT     0     0     7.6441
  SAT     1     6     7.6456
  SAT     2     6     7.7099
  SAT     1     3     7.5801
  SAT     2     3     7.3253
  SAT     0     3     7.6939
  SAT     1     2     7.5541
  SAT     0     2     7.1678
  SAT     2     6     8.0706
  SAT     0     1     7.5921
  SAT     0     2     7.3906
  SAT     0     0     7.6546
  SAT     0     4     7.6255
  SAT     0     4     7.7112
  SAT     0     4     7.6007
  SAT     3     7     7.4874
  SAT     0     1     7.4989
  SAT     2     5     7.5831
  SAT    80    85    14.6717
  SAT     0     1     7.3700
  SAT     0     1     7.4702
  SAT     0     0     7.5824
  SAT     0     3     7.6321
  SAT     4     7     7.7613
  SAT     0     0     7.3264
  SAT     2     5     7.7448
  SAT     0     4     7.8255
  SAT     0     4     7.6347
  SAT     0     0     7.7237
  SAT     0     3     7.4851
  SAT     0     0     7.4495
  SAT     0     0     7.5577
  SAT     1     4     7.8153
  SAT     1     5     7.9283
  SAT     4     5     7.5573
  SAT     2     4     7.6995
  SAT     0     2     7.5276
  SAT     0     1     7.3873
  SAT     3     5     7.9089
  SAT     2     5     7.6522
  SAT     1     4     7.8435
  SAT     3     7     7.8394
  SAT     0     1     7.4541
  SAT     0     1     7.2508
  SAT     0     2     7.6562
  SAT     0     3     7.5843
  SAT     0     1     7.5806
  SAT     0     2     7.5142
  SAT    28    34     8.5527
  SAT     0     2     7.6781
  SAT     0     2     7.4754
  SAT     0     1     7.5059
  SAT     0     1     7.5843
  SAT     0     1     7.5122
  SAT     0     1     7.4251
  SAT     1     3     7.6135
  SAT     1     4     7.5984
  SAT     5     9     7.9934
  SAT     0     2     7.3286
  SAT     0     4     7.5859
  SAT     1     4     7.7390
  SAT     0     3     7.8396
  SAT     1     5     7.5883
  SAT     1     8     7.5413
  SAT     0     1     7.6358
  SAT     0     1     7.5017
  SAT     0     1     7.3885
  SAT     0     2     7.4261
  SAT     0     0     7.4428
  SAT     0     2     7.3505
  SAT    15    21     8.1943
  SAT     1     4     7.3623
  SAT     0     0     7.4110
  SAT     1     5     7.5219
  SAT     2     5     7.7821
  SAT     2     4     7.5787
  SAT     0     0     7.5888
  SAT     0     2     7.4258
  SAT     0     2     7.4756
  SAT     0     0     7.4074
  SAT     0     3     7.9202
  SAT     4    10     7.7090
  SAT     0     1     7.6527
  SAT     2     4     7.6761
  SAT     1     3     7.5497
  SAT     0     1     7.5450
  SAT     3     5     7.7444
  SAT     0     1     7.7345
  SAT     0     1     7.4856
  SAT     5     8     7.8564
  SAT     1     4     7.7416
  SAT     1     3     7.4645
  SAT     2     6     8.2148
  SAT     1     4     7.8872
  SAT     0     2     7.5014
  SAT     0     1     7.3849
  SAT     0     2     7.6530
  SAT     0     2     7.6211
  SAT     0     2     7.2679
  SAT     0     1     7.5623
  SAT     0     2     7.4979
  SAT     0     4     7.8525
  SAT     8    12     8.5542
  SAT     0     2     7.4313
  SAT     0     2     7.7922
  SAT     0     1     7.3653
  SAT     8    12     8.1098
