  SAT     0     1     6.3798
  SAT     0     0     5.9556
  SAT    29    74     6.4994
  SAT     3    11     5.8043
  SAT     1    13     5.8955
  SAT     0     0     5.9566
  SAT     0     2     5.7517
  SAT    31    55     6.7460
  SAT     0     6     5.7385
  SAT     0     2     6.0688
  SAT    53    84     6.8555
  SAT     0    11     6.1107
  SAT     4    10     5.7781
  SAT    43    90     6.9638
  SAT     0     8     5.8107
  SAT     2    18     5.9292
  SAT     7    11     5.7077
  SAT    19    67     6.3871
  SAT     0     1     6.0427
  SAT    18    56     6.1650
  SAT     0     6     5.7295
  SAT     0     1     5.8876
  SAT    19    75     6.3691
  SAT    20    69     6.5798
  SAT    32    73     6.2240
  SAT     0     3     5.8249
  SAT     0     0     6.0416
  SAT    16    33     6.0124
  SAT     0    25     5.9509
  SAT     0    42     5.9000
  SAT     0     1     5.9005
  SAT    28    73     6.6567
  SAT     0    15     5.9753
  SAT     0     1     5.6648
  SAT     0     1     5.9404
  SAT     0     1     5.7413
  SAT     0     0     5.6950
  SAT    14    47     6.1131
  SAT     0     2     5.8521
  SAT     3     9     5.8477
  SAT     0     0     5.8247
  SAT     0     0     5.9759
  SAT    24    64     6.3357
  SAT     3    12     5.9337
  SAT     0     1     5.7017
  SAT     0     2     5.6579
  SAT     0     2     6.0331
  SAT    14    42     6.1300
  SAT     0     8     5.8738
  SAT    22    69     6.3776
  SAT     0     0     5.8155
  SAT    93   150     7.9867
  SAT     3     8     5.7049
  SAT     0     1     5.8044
  SAT     8    29     5.9651
  SAT    22    60     6.4031
  SAT    27    75     6.6690
  SAT    66   114     7.3489
  SAT     0    16     5.7514
  SAT     0     0     5.8378
  SAT     0     0     5.8543
  SAT    23    76     6.4864
  SAT     8    28     6.1535
  SAT    69   126     7.6160
  SAT     8    29     5.8748
  SAT     0     3     5.6480
  SAT   161   195    10.5881
  SAT    14    48     6.0875
  SAT    27    47     6.7883
  SAT     0     0     5.6385
  SAT     9    33     6.1739
  SAT     3    36     5.8261
  SAT     0     3     5.7041
  SAT    13    42     5.9663
  SAT     0     0     5.6756
  SAT     0     6     5.9036
  SAT    12    32     6.0909
  SAT     2    13     5.8995
  SAT     0     0     5.7188
  SAT     0     2     5.7871
  SAT     0     2     5.7009
  SAT   130   178     9.0200
  SAT     3    11     6.0176
  SAT    21    36     6.0890
  SAT     0     4     5.9502
  SAT     2    21     5.8732
  SAT     8    58     5.9389
  SAT    11    36     6.0194
  SAT     2     9     5.9394
  SAT    13    23     5.8962
  SAT    15    33     6.2435
  SAT     0     3     5.8058
  SAT     0     1     5.7268
  SAT    23    60     6.3940
  SAT     0     1     5.7910
  SAT     0     0     5.8927
  SAT    36    57     6.6433
  SAT    30    92     6.7561
  SAT     3     8     5.7500
  SAT    59    77     7.0872
  SAT     9    43     6.1503
  SAT    19    47     6.2436
  SAT    13    32     6.0932
  SAT     0     1     5.8986
  SAT    38   116     7.0826
  SAT     0     1     6.0360
  SAT     0     0     5.6230
  SAT     0     2     5.5515
  SAT     0     2     5.9391
  SAT    33    90     6.7381
  SAT    26    68     6.8326
  SAT     0     1     5.6617
  SAT     2    21     5.8635
  SAT     2     6     5.8859
  SAT     0     1     5.7418
  SAT   156   194     8.8548
  SAT     2     7     5.6429
  SAT   160   197     9.8198
  SAT    20    41     6.3895
  SAT     4     8     5.7643
  SAT     0     3     5.8473
  SAT    31    58     6.3911
  SAT    12    28     6.0274
  SAT     0     1     5.6134
  SAT     0     1     5.7550
  SAT     0    15     5.7451
  SAT     0     1     5.8685
  SAT    12    36     5.8951
  SAT     7    38     5.9293
  SAT     0     4     5.9696
  SAT   392   464    17.4713
  SAT    22    57     6.2787
  SAT     0     8     5.9415
  SAT     0     1     5.6214
  SAT    25    56     6.3733
  SAT     0     4     5.7330
  SAT     1    23     6.0146
  SAT     0     1     6.0627
  SAT     0    27     5.7216
  SAT    11    39     6.1009
  SAT   210   266    11.2197
  SAT    19    69     6.5049
  SAT   663   702    29.2349
  SAT   162   211    10.6339
  SAT     0     2     5.8297
  SAT    16    42     6.1298
  SAT     0    10     5.7262
  SAT    43    74     7.5636
  SAT     4    28     5.6697
  SAT     0     2     5.9151
  SAT     0     7     5.7457
  SAT    18    80     6.5327
  SAT    10    25     6.0852
  SAT    81   106     6.9482
  SAT     0    11     5.7552
  SAT    30    71     7.1345
  SAT     0     1     5.7224
  SAT    24    56     6.4472
  SAT    18    51     6.1488
  SAT     0     4     5.7552
  SAT     2     4     5.9431
  SAT    74   111     8.1943
  SAT    10    31     6.1009
  SAT     0     5     5.9702
  SAT     0     1     5.7823
  SAT   124   157     9.0883
  SAT     0     0     5.6691
  SAT    18    73     6.1830
  SAT     0     0     5.9314
  SAT    13    38     6.1012
  SAT   143   200     9.4178
  SAT     3    31     5.7877
  SAT     0     8     5.7969
  SAT     0     1     5.9575
  SAT     0     0     5.7025
  SAT     0     1     5.9183
  SAT     0    11     5.8403
  SAT    22    38     6.2667
  SAT    20    43     6.1219
  SAT   252   318    12.9471
  SAT    25    64     6.3419
  SAT     0     0     5.7451
  SAT    14    31     6.3768
  SAT    18    54     6.0582
  SAT    20    78     6.5360
  SAT   156   218    10.5412
  SAT    28    54     6.4119
  SAT     0     6     5.6924
  SAT     2    23     6.2184
  SAT     0     7     5.8730
  SAT     4    24     5.7754
  SAT    22    56     6.2222
  SAT     0     5     5.8403
  SAT     0     1     5.8186
  SAT    21    36     6.2103
  SAT   119   178     9.0595
  SAT     0    12     5.9071
  SAT    18    49     6.1694
  SAT    12    29     6.1491
  SAT    13    35     6.0743
  SAT     0     1     5.5999
  SAT     0     2     5.8454
  SAT     0     1     5.7607
  SAT     0    18     6.0164
  SAT     0     2     5.7246
  SAT     0     1     5.8508
  SAT     0     0     5.7404
  SAT    37    86     6.9814
  SAT    35   107     6.9349
  SAT     2     3     5.9526
  SAT    17    41     6.0236
  SAT    19    28     6.2477
  SAT     0     2     5.7853
  SAT    15    28     6.0520
  SAT     2    14     5.8526
  SAT     5    20     5.8189
  SAT     0    19     5.9167
  SAT     0     2     5.6667
  SAT   167   208    11.3387
  SAT     0     8     5.8431
  SAT     0     1     5.9587
  SAT    33    78     6.8513
  SAT     0     0     6.0963
  SAT    28    69     6.3058
  SAT     0     1     5.9530
  SAT   109   152     9.5758
  SAT   146   187     9.6761
  SAT    22    58     6.0792
  SAT     7    21     6.0817
  SAT     0     1     5.6836
  SAT   183   220    10.2682
  SAT    80   150     8.4892
  SAT     0     0     5.8031
  SAT     7    17     6.1311
  SAT   155   208    10.0712
  SAT    20    58     6.4792
  SAT     0     1     5.6659
  SAT    17    54     6.0986
  SAT     3    30     5.8744
  SAT     0     0     5.7181
  SAT   605   667    21.5900
  SAT    18    57     6.2025
  SAT     2     5     5.8092
  SAT     0     3     5.8038
  SAT     0     1     5.6196
  SAT     0     9     6.0270
  SAT    10    26     5.9887
  SAT     0     0     5.9142
  SAT     0     0     5.7970
  SAT    70   123     7.9843
  SAT    19    82     6.3040
  SAT     3    11     5.8588
  SAT     0     3     5.8785
  SAT     0     3     5.9637
  SAT     8    26     5.9037
  SAT     0     6     5.9817
  SAT     0     2     5.7959
  SAT     0    20     5.8942
  SAT    16    45     5.9953
  SAT    12    26     6.3574
  SAT     0     0     5.5547
  SAT    77   138     8.4799
  SAT     2    10     5.9607
  SAT     0     5     5.9760
  SAT     3    12     5.7647
  SAT    78   143     8.4740
  SAT    19    36     6.0042
  SAT     0     2     6.0137
  SAT    14    41     6.3102
  SAT    18    48     6.2075
  SAT    12    40     5.9554
  SAT     0     2     5.8324
  SAT    22    85     6.9821
  SAT    18    32     5.9330
  SAT     3    12     6.1285
  SAT    21    72     6.2351
  SAT    27    73     6.4810
  SAT     0     5     5.8998
  SAT     0     5     5.7872
  SAT    18    38     6.1035
  SAT     0     3     5.8515
  SAT     0     2     5.6530
  SAT   318   368    15.3189
  SAT     0     1     5.6441
  SAT     0     8     5.9212
  SAT     7    22     6.0443
  SAT     5     9     5.7962
  SAT    33    82     7.2193
  SAT     0     2     5.8016
  SAT     0    10     5.9892
  SAT     0     2     5.8995
  SAT     0    43     5.7974
  SAT     7    38     6.0518
  SAT    50   107     7.4921
  SAT     0    12     5.8172
  SAT    29    75     6.6997
  SAT     0     6     5.6476
  SAT     2     7     5.7997
  SAT    13    24     6.1602
  SAT     0     1     5.5996
  SAT     9    55     6.3203
  SAT     0     0     5.7868
  SAT     2    23     5.7882
  SAT     0     2     5.6722
  SAT     2    45     5.9244
  SAT    99   140     8.0149
  SAT   279   338    12.5035
  SAT     0     3     5.9342
  SAT     0     8     5.8052
  SAT    26    90     6.8825
  SAT    10    22     6.0295
  SAT    35    95     6.9435
  SAT     0     1     5.5730
  SAT    12    41     6.0796
  SAT    13    22     6.0614
  SAT    20    45     6.4051
  SAT    31    80     6.7496
  SAT     8    30     6.1784
  SAT     6    13     5.6761
  SAT     4    32     6.0882
  SAT     0     1     5.7225
  SAT     2     6     5.9311
  SAT     0     1     5.7030
  SAT     0     3     5.8649
  SAT     7    31     6.0264
  SAT     0    11     5.6383
  SAT     0     2     6.0030
  SAT    23    64     6.1742
  SAT     0     4     5.6881
  SAT     1    20     6.2676
  SAT     0     1     5.6560
  SAT    80   108     8.0487
  SAT   201   236    11.6969
  SAT    18    38     6.0544
  SAT    47   113     7.4362
  SAT    17    57     6.3455
  SAT     2     7     5.8218
  SAT     2    13     5.8322
  SAT     0     1     5.9539
  SAT    58   146     7.4980
  SAT     0    43     5.6399
  SAT     0     2     5.9881
  SAT     5    10     5.7937
  SAT    10    54     6.2369
  SAT     0     2     5.7137
  SAT   139   171     9.2106
  SAT    22    26     6.3468
  SAT     0     3     5.8629
  SAT     0     1     5.7900
  SAT     5    19     5.8413
  SAT    98   134     8.0918
  SAT     0     3     5.8560
  SAT   134   202    10.1776
  SAT    47    90     7.2121
  SAT     4    15     5.9592
  SAT   209   260    11.7723
  SAT     0     2     5.8789
  SAT    29    65     6.6324
  SAT     2     5     5.9133
  SAT     0     4     5.8050
  SAT    14    40     6.3441
  SAT     0     1     5.6095
  SAT     5    10     5.8970
  SAT     3     6     5.7972
  SAT     0    19     6.0380
  SAT     0     3     5.9338
  SAT     8    16     5.9564
  SAT     0     9     5.7693
  SAT     0     1     5.8400
  SAT     0     2     5.6906
  SAT     0     5     5.8819
  SAT     3    12     5.9946
  SAT     3     9     5.7981
  SAT     0    11     5.8288
  SAT   313   411    14.9380
  SAT     0     4     5.9544
  SAT     0    10     5.7853
  SAT     0     6     5.7643
  SAT    14    43     5.9865
  SAT    48    91     7.2019
  SAT     8    23     6.1915
  SAT     0     3     5.8770
  SAT     0     1     5.8637
  SAT    18    63     6.3014
  SAT   581   639    20.9858
  SAT     3    10     5.7865
  SAT     1    16     6.1028
  SAT     0     3     5.7425
  SAT     0     8     5.8459
  SAT    19    54     6.3106
  SAT    22    59     6.4641
  SAT   172   208    11.9805
  SAT     0     7     5.7455
  SAT     0     0     5.8779
  SAT    13    45     6.3471
  SAT     0     8     5.7399
  SAT    12    27     6.0296
  SAT     0     8     5.6783
  SAT     3    13     5.7674
  SAT     1     9     5.9290
  SAT     0     2     5.7242
  SAT    17    59     6.4750
  SAT     0     1     5.7801
  SAT     0     8     5.8202
  SAT     0     0     5.8353
  SAT    37    66     6.5289
  SAT    12    54     5.9968
  SAT     0     4     5.8578
  SAT    10    31     5.9991
  SAT     4     8     5.8689
  SAT    17    35     5.9503
  SAT    27    90     6.8064
  SAT     0     1     5.9074
  SAT     0     3     5.6795
  SAT     0     0     5.5997
  SAT    47    89     7.8729
  SAT    15    53     6.0970
  SAT     0     0     5.6917
  SAT    37    63     6.6251
  SAT    29    64     6.8068
  SAT   119   156     9.0381
  SAT     0     0     5.9702
  SAT    24    56     6.3858
  SAT     0     0     5.6871
  SAT     0     0     5.9173
  SAT    85   123     8.1009
  SAT    57   127     7.4728
  SAT     5    10     6.0686
  SAT    44    65     6.5130
  SAT     4    19     6.2089
  SAT     0     1     5.6202
  SAT    17    55     6.3141
  SAT    53    97     7.0475
  SAT   152   209    10.2966
  SAT     0    28     5.8263
  SAT     0     2     5.9786
  SAT     0     1     5.6096
  SAT    63   109     7.6947
  SAT     0     3     5.5704
  SAT     0     5     6.1910
  SAT    36    51     6.4466
  SAT    14    62     6.4434
  SAT    23    45     6.0900
  SAT    16    39     6.1271
  SAT     0     1     5.8057
  SAT     0     6     5.8335
  SAT     0     1     5.7735
  SAT     2     6     5.9225
  SAT     4    13     5.8816
  SAT     8    21     6.2527
  SAT   368   433    16.7467
  SAT     0     7     5.6806
  SAT    59    94     7.1627
  SAT     1    35     6.0197
  SAT    15    56     6.2977
  SAT    30    94     6.6054
  SAT    17    50     6.1544
  SAT     0     5     6.0654
  SAT     0     1     5.6489
  SAT     0     1     5.5708
  SAT     0     7     5.8002
  SAT     0     0     5.7872
  SAT     6    19     6.1632
  SAT    25    67     6.3829
  SAT     0     5     5.6420
  SAT     0     0     5.8239
  SAT     0    12     5.5953
  SAT    27    48     6.5906
  SAT     0    32     6.0990
  SAT     0     0     5.7075
  SAT     7    24     5.8326
  SAT     0     2     5.7546
  SAT     0     0     5.7463
  SAT     2    31     6.1892
  SAT    29    74     6.5039
  SAT     0     1     6.0214
  SAT    11    23     5.9198
  SAT     0     4     5.8887
  SAT     0     1     5.8054
  SAT    70    89     7.4400
  SAT     0     1     5.8767
  SAT     0     1     6.0145
  SAT    59   104     7.3954
  SAT    74   117     8.8216
  SAT    14    23     6.0087
  SAT    60   135     7.8131
  SAT     3     9     5.9799
  SAT     3    22     6.0897
  SAT     0     1     5.6459
  SAT     0     6     5.7292
  SAT     0     2     5.7587
  SAT     0     2     5.8370
  SAT     0     1     5.8277
  SAT     0     2     5.7745
  SAT    23    58     6.4551
  SAT   343   396    15.4650
  SAT     0     2     5.9315
  SAT    10    61     6.1032
  SAT     0     1     5.9076
  SAT   263   327    13.1045
