  SAT     0     1     8.0472
  SAT     0     0     7.6342
  SAT     0     7     7.8119
  SAT     0     2     7.4010
  SAT     0     4     7.4779
  SAT     0     0     7.5106
  SAT     0     2     7.5567
  SAT     1     8     7.6661
  SAT     0     3     7.4968
  SAT     0     2     7.8721
  SAT     0     5     7.6264
  SAT     0     5     7.4818
  SAT     0     3     7.4777
  SAT     1    10     8.0796
  SAT     0     2     7.3879
  SAT     0     1     7.7195
  SAT     0     3     7.4662
  SAT     0     7     7.6782
  SAT     0     1     7.3574
  SAT     2     7     7.7834
  SAT     0     2     7.4452
  SAT     0     1     7.4738
  SAT     0    10     7.7548
  SAT     0     9     7.8386
  SAT     2    11     7.5503
  SAT     0     2     7.5044
  SAT     0     0     7.4339
  SAT     0     5     7.4349
  SAT     0     3     7.6942
  SAT     0     4     7.5600
  SAT     0     1     7.5358
  SAT     0     6     7.8119
  SAT     0     2     7.4604
  SAT     0     1     7.3219
  SAT     0     1     7.6279
  SAT     0     1     7.5368
  SAT     0     0     7.1928
  SAT     0     3     7.6019
  SAT     0     2     7.5954
  SAT     0     3     7.5724
  SAT     0     0     7.2982
  SAT     0     0     7.3268
  SAT     0     5     7.7417
  SAT     0     4     7.5369
  SAT     0     1     7.4731
  SAT     0     2     7.3741
  SAT     0     2     7.5767
  SAT     0     5     7.7639
  SAT     0     2     7.4633
  SAT     2    10     8.0065
  SAT     0     0     7.2792
  SAT     0     7     7.7704
  SAT     0     1     7.4719
  SAT     0     1     7.4930
  SAT     1     6     7.6432
  SAT     1     5     7.8434
  SAT     0     5     7.6453
  SAT     0     4     7.8444
  SAT     0     5     7.3093
  SAT     0     0     7.4374
  SAT     0     0     7.6494
  SAT     7    11     8.0617
  SAT     0     4     7.7178
  SAT     0     9     7.6839
  SAT     0     5     7.8075
  SAT     0     3     7.3533
  SAT     1     9     7.6573
  SAT     0     5     7.5001
  SAT     0     4     7.6820
  SAT     0     0     7.2615
  SAT     0     4     7.6738
  SAT     0     4     7.5352
  SAT     0     2     7.5130
  SAT     0     4     7.5293
  SAT     0     0     7.4379
  SAT     0     1     7.6903
  SAT     0     3     7.6681
  SAT     0     3     7.4292
  SAT     0     0     7.4726
  SAT     0     1     7.7421
  SAT     0     2     7.3296
  SAT     0     7     7.6015
  SAT     0     4     7.5999
  SAT     0     5     7.4655
  SAT     0     3     7.4846
  SAT     0     3     7.4247
  SAT     1     4     7.6322
  SAT     0     5     7.4825
  SAT     0     3     7.5838
  SAT     0     3     7.3389
  SAT     0     2     7.4482
  SAT     0     3     7.5456
  SAT     0     1     7.3779
  SAT     0     3     7.6006
  SAT     0     1     7.6138
  SAT     0     0     7.2498
  SAT     0     6     7.9302
  SAT     0     9     7.5655
  SAT     0     2     7.4914
  SAT     0     4     7.7452
  SAT     1     8     7.7263
  SAT     1     7     7.4272
  SAT     0     3     7.7750
  SAT     0     1     7.2985
  SAT     0    13     7.7439
  SAT     0     1     7.4289
  SAT     0     0     7.4249
  SAT     0     2     7.5252
  SAT     0     1     7.6056
  SAT     0     7     7.7820
  SAT     0     9     7.6751
  SAT     0     1     7.4809
  SAT     0     3     7.6317
  SAT     0     3     7.3728
  SAT     0     1     7.3391
  SAT     1     9     7.5331
  SAT     0     4     7.5883
  SAT     0     7     7.6922
  SAT     0     4     7.5019
  SAT     0     3     7.2922
  SAT     0     1     7.5460
  SAT     1     7     7.7006
  SAT     0     4     7.7051
  SAT     0     1     7.3337
  SAT     0     1     7.3915
  SAT     0     3     7.5146
  SAT     0     1     7.4874
  SAT     0     7     7.8179
  SAT     0     9     7.6188
  SAT     0     2     7.3355
  SAT     0     8     7.8825
  SAT     0     4     7.7419
  SAT     0     3     7.5879
  SAT     0     1     7.3512
  SAT     0     3     7.6972
  SAT     0     1     7.8106
  SAT     0     5     7.5431
  SAT     0     1     7.4789
  SAT     0     3     7.4166
  SAT     2     5     7.5559
  SAT     0    10     8.0051
  SAT     0     7     7.6800
  SAT     0     9     7.8902
  SAT     0     5     7.6082
  SAT     0     1     7.3061
  SAT     0     4     7.6815
  SAT     0     4     7.6712
  SAT     0     4     7.5016
  SAT     5    11     7.7510
  SAT     0     2     7.3890
  SAT     0     2     7.5100
  SAT     0    11     7.6207
  SAT     1     3     7.4662
  SAT     0     6     7.3846
  SAT     0     3     7.4963
  SAT     0     4     7.8365
  SAT     0     1     7.3215
  SAT     3     6     7.6370
  SAT     0     6     7.6836
  SAT     0     2     7.4805
  SAT     0     1     7.3492
  SAT     0     8     7.6384
  SAT     0     5     7.5407
  SAT     0     2     7.5469
  SAT     0     1     7.4163
  SAT     0     5     7.7794
  SAT     0     0     7.2552
  SAT     0     5     7.6877
  SAT     0     0     7.4874
  SAT     0     2     7.5044
  SAT     0     6     7.7029
  SAT     0     6     7.4674
  SAT     0     4     7.5959
  SAT     0     1     7.7185
  SAT     0     0     7.2669
  SAT     0     1     7.5689
  SAT     0     3     7.2941
  SAT     3     5     7.6301
  SAT     0     5     7.6898
  SAT     0     6     7.5713
  SAT     1     6     7.7964
  SAT     0     0     7.2909
  SAT     0     5     7.5614
  SAT     0     6     7.6379
  SAT     0     9     7.8386
  SAT     0    10     7.6470
  SAT     0     6     7.6501
  SAT     0     3     7.4911
  SAT     0     4     7.9201
  SAT     0     3     7.4242
  SAT     0     4     7.5666
  SAT     0     5     7.5122
  SAT     0     1     7.4701
  SAT     0     1     7.3419
  SAT     0     5     7.8022
  SAT     0     7     7.8233
  SAT     0     6     7.5168
  SAT     1     5     7.6044
  SAT     0     3     7.6065
  SAT     0     5     7.6455
  SAT     0     1     7.4332
  SAT     0     2     7.6204
  SAT     0     1     7.2622
  SAT     0     4     7.5488
  SAT     0     2     7.6286
  SAT     0     1     7.5166
  SAT     0     0     7.2810
  SAT     2     6     7.7610
  SAT     1     7     7.6995
  SAT     0     1     7.7004
  SAT     0     3     7.5736
  SAT     0     3     7.6051
  SAT     0     2     7.3789
  SAT     0     3     7.5473
  SAT     0     4     7.6345
  SAT     1     6     7.3581
  SAT     0     3     7.5005
  SAT     0     2     7.4168
  SAT     0     4     7.6743
  SAT     0     5     7.3831
  SAT     0     1     7.5134
  SAT     0     7     7.6412
  SAT     0     0     7.5311
  SAT     0    10     7.7305
  SAT     0     1     7.5080
  SAT     1     8     7.8291
  SAT     0     8     7.6045
  SAT     0     7     7.6929
  SAT     0     2     7.4805
  SAT     0     1     7.4225
  SAT     0     9     7.7993
  SAT     1    10     7.8703
  SAT     0     0     7.3891
  SAT     0     3     7.5245
  SAT     1     8     7.5824
  SAT     0     7     7.5239
  SAT     0     1     7.3787
  SAT     0     4     7.7241
  SAT     0     2     7.4099
  SAT     0     0     7.3280
  SAT     1    13     7.7300
  SAT     0     5     7.8159
  SAT     0     2     7.2733
  SAT     0     2     7.2652
  SAT     0     1     7.5035
  SAT     0     2     7.5446
  SAT     0     4     7.5620
  SAT     0     0     7.3318
  SAT     0     0     7.5584
  SAT     0     9     7.7115
  SAT     0    10     7.6759
  SAT     0     3     7.3591
  SAT     0     1     7.5173
  SAT     0     1     7.5274
  SAT     0     3     7.3854
  SAT     0     2     7.7475
  SAT     0     2     7.4807
  SAT     0     2     7.6079
  SAT     1     7     7.4074
  SAT     0     5     7.7556
  SAT     0     0     7.5584
  SAT     0     8     7.8193
  SAT     0     3     7.5480
  SAT     0     1     7.6937
  SAT     0     3     7.4539
  SAT     0     3     7.6055
  SAT     0     6     7.6354
  SAT     0     2     7.8655
  SAT     0     4     7.6667
  SAT     0     5     7.6716
  SAT     1     8     7.5328
  SAT     0     2     7.6836
  SAT     0     9     7.7023
  SAT     0     5     7.3656
  SAT     0     4     7.6228
  SAT     1     6     7.5724
  SAT     0     6     7.8377
  SAT     0     2     7.3445
  SAT     0     4     7.6452
  SAT     0     5     7.6623
  SAT     0     3     7.5000
  SAT     0     2     7.4194
  SAT     0    10     7.9113
  SAT     0     1     7.5552
  SAT     0     3     7.7119
  SAT     0     4     7.5405
  SAT     0     4     7.5979
  SAT     1     7     7.7008
  SAT     0     1     7.3951
  SAT     0     2     7.8379
  SAT     0     2     7.4171
  SAT     0     4     7.5469
  SAT     1     5     7.7037
  SAT     0    10     7.7295
  SAT     0     4     7.8309
  SAT     0     6     7.5235
  SAT     0     2     7.4885
  SAT     1     3     7.3677
  SAT     1     8     7.4090
  SAT     0     1     7.3125
  SAT     0     5     7.8929
  SAT     0     0     7.1860
  SAT     0     4     7.3795
  SAT     0     2     7.7013
  SAT     0     5     7.4692
  SAT     0     5     7.7645
  SAT     1    12     7.7890
  SAT     0     1     7.4718
  SAT     0     2     7.5406
  SAT     0    12     7.7049
  SAT     0     5     7.4486
  SAT     0     6     7.7715
  SAT     0     1     7.4381
  SAT     0     4     7.5592
  SAT     0     4     7.4662
  SAT     1     4     7.5890
  SAT     0     4     7.9270
  SAT     0     8     7.3798
  SAT     3     5     7.4795
  SAT     0     8     7.6251
  SAT     0     1     7.7169
  SAT     0     2     7.4877
  SAT     0     1     7.4098
  SAT     0     3     7.6135
  SAT     1     8     7.7022
  SAT     0     2     7.4454
  SAT     0     2     7.6085
  SAT     2     8     7.5980
  SAT     0     3     7.4809
  SAT     0     5     7.7416
  SAT     0     1     7.3224
  SAT     1     8     7.6473
  SAT     0     5     7.7048
  SAT     0     3     7.7712
  SAT     0     9     7.6427
  SAT     1     8     7.5890
  SAT     0     2     7.3429
  SAT     0     2     7.6197
  SAT     0     1     7.5148
  SAT     2     8     7.7786
  SAT     0     3     7.8211
  SAT     0     2     7.5211
  SAT     0     3     7.3054
  SAT     0     4     7.9347
  SAT     0     1     7.4558
  SAT     0     7     7.7988
  SAT     1     4     7.5596
  SAT     0     2     7.4731
  SAT     0     1     7.6540
  SAT     0     4     7.5418
  SAT     0    10     7.9794
  SAT     0     1     7.3567
  SAT     0     9     8.0253
  SAT     1     9     7.6737
  SAT     0     4     7.3943
  SAT     0     3     7.7014
  SAT     0     1     7.3917
  SAT     0     8     7.5906
  SAT     0     2     7.7569
  SAT     0     3     7.3728
  SAT     0    10     7.5561
  SAT     0     1     7.4698
  SAT     0     4     7.4684
  SAT     0     2     7.3998
  SAT     0     3     7.7578
  SAT     0     3     7.3678
  SAT     0     3     7.7612
  SAT     1     5     7.4336
  SAT     0     1     7.4012
  SAT     0     2     7.3507
  SAT     0     1     7.6445
  SAT     0     3     7.6626
  SAT     0     3     7.5126
  SAT     0     2     7.5269
  SAT     2    15     7.8599
  SAT     0     3     7.4017
  SAT     0     4     7.7812
  SAT     0     2     7.3533
  SAT     0     6     7.6548
  SAT     0     5     7.5300
  SAT     0     5     7.5399
  SAT     0     3     7.6656
  SAT     0     1     7.3472
  SAT     0     5     7.6806
  SAT     0     9     7.6332
  SAT     0     3     7.7088
  SAT     0     5     7.5875
  SAT     0     2     7.3024
  SAT     0     5     7.7176
  SAT     0     3     7.5471
  SAT     0     6     7.5872
  SAT     6     9     8.3902
  SAT     0     1     7.4482
  SAT     0     0     7.4785
  SAT     0     5     7.7639
  SAT     0     4     7.7629
  SAT     0     5     7.5061
  SAT     0     2     7.4684
  SAT     0     3     7.5955
  SAT     0     1     7.9048
  SAT     0     2     7.3137
  SAT     0     8     7.4897
  SAT     0     1     7.6301
  SAT     0     2     7.5089
  SAT     0     0     7.4875
  SAT     0     5     7.7090
  SAT     0     7     7.8330
  SAT     0     4     7.2717
  SAT     0     6     7.7263
  SAT     0     4     7.4915
  SAT     0     4     7.4559
  SAT     1     7     7.7602
  SAT     0     1     7.3387
  SAT     0     1     7.5758
  SAT     0     0     7.4825
  SAT     0     8     7.5123
  SAT     0     6     7.8980
  SAT     0     0     7.3210
  SAT     0     5     7.6915
  SAT     3     9     7.8876
  SAT     2     7     7.6586
  SAT     0     0     7.6711
  SAT     1     6     7.7684
  SAT     0     0     7.3072
  SAT     0     0     7.5263
  SAT     0     8     7.6497
  SAT     0    11     7.7607
  SAT     0     1     7.5838
  SAT     0     6     7.6221
  SAT     0     5     7.7890
  SAT     0     1     7.3450
  SAT     0     6     7.7513
  SAT     0     5     7.4704
  SAT     0     9     7.9346
  SAT     0     4     7.5307
  SAT     0     1     7.5650
  SAT     0     1     7.3228
  SAT     2     8     7.8581
  SAT     0     3     7.2811
  SAT     0     2     7.4800
  SAT     0     7     7.9261
  SAT     0    11     7.6043
  SAT     1     8     7.6571
  SAT     0     3     7.6015
  SAT     0     1     7.4335
  SAT     0     2     7.7449
  SAT     0     1     7.4134
  SAT     0     1     7.3397
  SAT     0     3     7.7102
  SAT     0     5     7.6276
  SAT     1     8     7.8989
  SAT     0     2     7.3879
  SAT     0     8     7.8849
  SAT     0     5     7.5107
  SAT     0     6     7.5888
  SAT     1     6     7.9494
  SAT     0     2     7.5689
  SAT     0     3     7.3750
  SAT     0     1     7.5781
  SAT     0     1     7.5315
  SAT     0     2     7.3996
  SAT     0     0     7.5093
  SAT     0     3     7.4049
  SAT     0     7     7.6473
  SAT     0     3     7.1816
  SAT     0     0     7.6304
  SAT     0     6     7.4480
  SAT     0     2     7.3926
  SAT     0     4     7.8982
  SAT     0     0     7.6610
  SAT     0     7     7.4024
  SAT     0     2     7.5209
  SAT     0     0     7.3479
  SAT     0     8     7.6623
  SAT     0     7     7.5785
  SAT     0     1     7.6390
  SAT     0     3     7.5478
  SAT     0     2     7.5230
  SAT     0     1     7.3975
  SAT     5     8     7.7058
  SAT     0     1     7.4661
  SAT     0     1     7.5171
  SAT     0    11     7.9502
  SAT     0    11     7.5922
  SAT     1     4     7.4386
  SAT     0     9     7.8532
  SAT     0     4     7.6947
  SAT     0     4     7.7741
  SAT     0     1     7.3285
  SAT     0     2     7.4003
  SAT     0     2     7.6323
  SAT     0     2     7.3218
  SAT     0     1     7.6048
  SAT     0     2     7.5405
  SAT     0     8     7.7248
  SAT     0    10     8.0276
  SAT     0     2     7.4227
  SAT     0     5     7.9351
  SAT     0     1     7.3959
  SAT     0     9     7.8236
