  SAT     6    10     6.5288
  SAT     1     2     6.2560
  SAT     0     1     6.0408
  SAT     0     2     5.8442
  SAT     0     1     6.0643
  SAT     0     1     5.8150
  SAT     2     5     6.5144
  SAT     1     6     6.0141
  SAT     2     5     6.0561
  SAT     2     6     6.1212
  SAT     0     2     5.9795
  SAT     3     4     6.2170
  SAT     7    10     6.0812
  SAT     4     7     6.6557
  SAT     0     1     5.9951
  SAT     1     3     6.2888
  SAT    15    19     7.0463
  SAT     0     2     5.7886
  SAT     2     3     6.0654
  SAT    15    17     6.5587
  SAT     1     5     5.9845
  SAT     0     1     6.1138
  SAT     1     3     6.0943
  SAT     1     5     6.1841
  SAT     3     5     5.8861
  SAT     0     3     6.1399
  SAT     6    10     6.0312
  SAT     0     1     5.9917
  SAT     0     0     5.8702
  SAT     0     1     5.8099
  SAT     0     2     6.1837
  SAT     0     3     6.2361
  SAT     0     1     5.8828
  SAT     2     5     6.0647
  SAT     0     5     6.2046
  SAT     4     9     6.1454
  SAT     0     1     5.9746
  SAT     0     4     6.2848
  SAT     0     6     5.9875
  SAT     0     4     5.9411
  SAT     1     3     6.3407
  SAT     0     0     5.9103
  SAT     0     5     6.0651
  SAT     8    12     5.9128
  SAT   456   460    24.5109
  SAT     1     4     5.8162
  SAT     0     1     6.0983
  SAT     0     3     5.8893
  SAT     2     4     6.3189
  SAT     1     1     6.0063
  SAT     6     9     6.3935
  SAT     1     5     6.0231
  SAT     0     3     6.2543
  SAT     4     9     6.3303
  SAT     0     0     5.8180
  SAT     1     3     5.9747
  SAT     0     1     5.8203
  SAT     0     2     5.9275
  SAT     0     1     5.7852
  SAT     0     2     5.9350
  SAT     0     2     6.0526
  SAT     0     2     6.0595
  SAT     0     3     5.9497
  SAT     1     3     5.9502
  SAT     4     9     6.0317
  SAT     2     6     6.0212
  SAT     6    14     6.1480
  SAT     0     1     5.8786
  SAT     0     1     6.0570
  SAT     2     6     6.0521
  SAT     4     8     6.2698
  SAT     0     4     5.9362
  SAT     1     3     6.0674
  SAT     0     2     5.9716
  SAT     0     3     5.9081
  SAT     1     5     6.2301
  SAT     1     3     5.8750
  SAT     2     4     5.9365
  SAT     2     5     6.2083
  SAT     0     3     5.8464
  SAT     0     2     5.9422
  SAT     1     3     6.1388
  SAT     0     3     6.0302
  SAT     0     1     5.8259
  SAT     0     1     6.0605
  SAT     0     3     6.0541
  SAT     0     2     5.9559
  SAT     3     6     6.1321
  SAT     2     5     6.1560
  SAT     0     1     5.6328
  SAT     2     6     6.3659
  SAT     0     1     5.7200
  SAT     0     3     6.0568
  SAT     0     4     6.2141
  SAT     1     4     5.8420
  SAT     0     1     6.0230
  SAT     1     2     5.9168
  SAT     0     2     6.0632
  SAT     1     3     6.0839
  SAT     0     1     5.8114
  SAT     8    11     6.4314
  SAT     0     2     5.9796
  SAT     0     3     6.0794
  SAT     0     1     6.0629
  SAT     0     1     5.7032
  SAT     0     1     5.9032
  SAT     0     1     6.0584
  SAT     1     4     5.9340
  SAT     0     2     5.8072
  SAT     0     4     5.9546
  SAT     0     1     5.9698
  SAT     9    13     5.8914
  SAT     1     3     6.0820
  SAT     1     5     6.0806
  SAT     1     4     5.9674
  SAT     0     2     5.9544
  SAT     1     5     6.0101
  SAT     0     0     5.8578
  SAT     0     1     5.8653
  SAT     0     3     5.9177
  SAT     2     7     5.9334
  SAT     0     6     6.1472
  SAT     0     3     5.8422
  SAT     0     2     5.8050
  SAT     0     3     5.9387
  SAT     1     4     6.0254
  SAT     1     6     6.0188
  SAT     0     2     6.0283
  SAT     0     4     5.9169
  SAT     0     2     6.0753
  SAT     0     1     5.7329
  SAT     0     0     5.8320
  SAT     2     4     5.8310
  SAT     0     4     6.0355
  SAT     0     1     5.7572
  SAT     0     2     6.1664
  SAT     5     7     6.3380
  SAT     1     4     5.9193
  SAT     1     3     5.9378
  SAT     2     4     5.8950
  SAT     2     7     6.3080
  SAT     2     5     5.8165
  SAT     2     5     5.8831
  SAT     1     2     5.9596
  SAT     0     1     6.1223
  SAT     0     3     5.8500
  SAT     0     3     5.8750
  SAT     0     1     5.9106
  SAT     0     1     5.7660
  SAT     2     5     6.3395
  SAT     0     2     6.1018
  SAT     0     3     6.1754
  SAT     0     2     5.8675
  SAT     7    13     6.3866
  SAT     0     1     5.8644
  SAT     0     1     5.9200
  SAT     6    10     6.1862
  SAT     0     2     5.8453
  SAT     1     4     6.1160
  SAT    15    19     6.4250
  SAT     0     1     5.9955
  SAT     1     2     5.8837
  SAT     2     4     5.9091
  SAT     2     5     6.2752
  SAT     0     2     5.8646
  SAT     0     2     5.7790
  SAT     0     3     6.1877
  SAT     2     5     5.8359
  SAT     0     0     5.8203
  SAT     4     7     6.0166
  SAT     0     1     6.3170
  SAT     0     2     5.7816
  SAT     0     4     6.3387
  SAT     0     1     5.7340
  SAT     1     4     6.0928
  SAT     1     3     6.0746
  SAT     6     9     6.2659
  SAT     0     1     5.8878
  SAT     5     7     6.1404
  SAT     0     2     5.7428
  SAT     1     3     5.7874
  SAT     0     0     6.0091
  SAT     0     1     5.7667
  SAT     0     1     5.7922
  SAT     0     2     6.0827
  SAT     8    12     6.1423
  SAT     4     7     6.4352
  SAT     0     1     5.8424
  SAT     0     2     6.0384
  SAT     1     4     5.7039
  SAT     0     4     6.3102
  SAT     3     7     5.9757
  SAT     0     1     6.0209
  SAT     0     1     5.8617
  SAT     0     2     5.9952
  SAT     2     5     5.8316
  SAT     1     4     5.9466
  SAT     0     3     6.0119
  SAT     0     3     6.1052
  SAT     2     6     6.1563
  SAT     3     3     5.7315
  SAT     0     5     6.0890
  SAT     2     4     6.0101
  SAT     1     5     6.1661
  SAT     0     2     5.7835
  SAT     0     1     5.8978
  SAT     1     4     5.8709
  SAT     0     3     6.1059
  SAT     2     6     6.0567
  SAT     0     1     6.0810
  SAT     2     4     5.8587
  SAT     0     4     5.9172
  SAT     0     0     5.8702
  SAT     0     1     5.7842
  SAT     0     4     5.9312
  SAT     4    10     6.2000
  SAT     0     5     6.3256
  SAT     3     6     5.9728
  SAT     0     0     5.7673
  SAT     1     3     5.8815
  SAT     0     2     6.1627
  SAT     0     1     5.9041
  SAT     0     1     5.9638
  SAT     1     5     5.8709
  SAT    16    22     6.6861
  SAT     0     3     6.1844
  SAT     0     2     5.8923
  SAT     0     2     5.8541
  SAT     0     2     6.0525
  SAT     0     2     5.8371
  SAT    13    15     6.3549
  SAT     0     2     5.9902
  SAT     0     1     5.8160
  SAT     0     1     5.9301
  SAT     0     1     6.0472
  SAT     1     3     5.9912
  SAT     1     5     5.9025
  SAT     0     2     6.0446
  SAT     0     4     6.0254
  SAT     0     1     5.6699
  SAT     0     1     5.9722
  SAT     0     2     5.9991
  SAT     0     0     5.8701
  SAT     4     7     6.2441
  SAT     0     2     5.7254
  SAT     0     3     6.1010
  SAT     0     5     6.0444
  SAT     0     4     6.0745
  SAT     1     5     6.0110
  SAT     1     4     5.9984
  SAT     2     7     6.1254
  SAT     0     0     5.8592
  SAT     0     2     5.9140
  SAT     3     6     6.1021
  SAT     0     0     6.0429
  SAT     1     6     5.9539
  SAT     3     6     5.9674
  SAT     3     5     6.1297
  SAT     3     5     6.0850
  SAT     0     2     5.7496
  SAT     0     1     5.8280
  SAT     0     1     6.1469
  SAT     1     4     5.8830
  SAT     3     7     6.3262
  SAT     2     7     5.9502
  SAT     2     4     5.9349
  SAT     0     2     5.8016
  SAT     0     1     5.8430
  SAT     2     7     6.4242
  SAT     0     0     5.6596
  SAT     0     2     6.0389
  SAT     3     5     5.6912
  SAT     0     1     5.7513
  SAT     3     7     5.7873
  SAT     0     2     6.1678
  SAT     0     0     5.7437
  SAT     0     3     5.8299
  SAT    14    19     6.6060
  SAT    31    34     6.9696
  SAT     0     3     6.2294
  SAT     0     2     5.6934
  SAT     0     1     5.7889
  SAT     0     1     6.1791
  SAT     0     4     5.8656
  SAT     0     4     6.2327
  SAT     0     4     5.9115
  SAT    15    19     6.6462
  SAT     0     2     5.9128
  SAT     0     1     5.6150
  SAT     0     3     6.2693
  SAT     0     1     5.6447
  SAT     0     4     6.0785
  SAT     5     9     6.1842
  SAT     0     5     6.1532
  SAT     0     3     5.8847
  SAT     0     3     5.8569
  SAT     0     0     5.9718
  SAT     1     3     5.7990
  SAT     1     5     6.2406
  SAT     1     3     5.8742
  SAT     3     5     5.9441
  SAT     0     0     5.9729
  SAT     0     2     5.7838
  SAT     9    12     6.0174
  SAT     0     1     6.0509
  SAT     2     4     5.9160
  SAT     1     6     6.0595
  SAT     0     0     5.8657
  SAT     1     5     5.9532
  SAT     6     8     6.0955
  SAT     0     1     5.8046
  SAT     0     3     5.9724
  SAT     2     4     6.0691
  SAT     0     2     5.8072
  SAT     0     3     5.9569
  SAT     0     1     5.8256
  SAT     0     3     5.7214
  SAT     1     3     5.9989
  SAT     1     4     6.1851
  SAT     5     8     6.3803
  SAT     0     3     6.2189
  SAT     1     4     5.8392
  SAT     0     1     6.0433
  SAT     0     1     5.8066
  SAT     0     2     5.8732
  SAT     2     3     5.8997
  SAT     0     1     5.8407
  SAT     2     3     6.0854
  SAT     0     3     5.9965
  SAT     7     9     5.8705
  SAT     3     7     6.0663
  SAT     1     2     5.8253
  SAT     0     2     5.9347
  SAT     5    10     6.3316
  SAT     1     2     5.6897
  SAT     1     3     5.8026
  SAT     0     2     5.7917
  SAT     0     1     6.0557
  SAT     0     2     5.9561
  SAT     1     5     6.0411
  SAT     0     4     5.8841
  SAT     9    13     6.6084
  SAT     3     5     5.8146
  SAT     0     0     5.7988
  SAT     0     1     5.8471
  SAT     1     3     5.9305
  SAT    19    21     6.5524
  SAT     1     3     5.9900
  SAT     5     8     6.2113
  SAT     0     3     5.8286
  SAT     2     6     6.0748
  SAT     2     3     5.7764
  SAT     0     1     5.8458
  SAT     0     2     5.9152
  SAT     1     3     5.9519
  SAT     0     3     6.1415
  SAT     0     5     5.8580
  SAT     0     3     6.1059
  SAT     1     5     6.0189
  SAT     0     3     5.9164
  SAT     5     9     6.0954
  SAT     0     5     6.3061
  SAT     0     6     6.1513
  SAT     0     1     5.7900
  SAT     0     0     5.7232
  SAT     0     3     5.9945
  SAT     1     4     5.9385
  SAT     2     8     6.0747
  SAT     0     3     6.1530
  SAT     0     1     5.7933
  SAT     0     2     5.7070
  SAT     0     2     5.9185
  SAT     0     2     6.0780
  SAT     0     1     5.8270
  SAT     7    11     5.9788
  SAT     0     1     5.8412
  SAT     2     3     5.9606
  SAT     0     3     5.9087
  SAT     2     3     5.9394
  SAT     0     0     6.0701
  SAT     1     6     5.9516
  SAT     0     1     5.8928
  SAT     1     2     5.8466
  SAT     2     8     6.0519
  SAT     0     1     5.8265
  SAT     0     3     6.1413
  SAT     0     2     6.0075
  SAT     2     5     5.9502
  SAT     2     3     5.9763
  SAT     0     2     5.8115
  SAT     0     4     5.9000
  SAT     1     4     5.8552
  SAT     2     4     6.1299
  SAT     0     1     5.8278
  SAT     0     2     6.0723
  SAT     1     2     5.8259
  SAT     0     3     5.8949
  SAT     0     3     5.9337
  SAT     0     2     5.6695
  SAT     1     3     5.9010
  SAT     4     6     5.9042
  SAT     3     5     5.9516
  SAT     0     0     5.7787
  SAT     0     2     5.8536
  SAT     0     3     6.0507
  SAT     0     1     6.0062
  SAT     1     4     5.8287
  SAT     0     1     6.0084
  SAT     3     5     6.0128
  SAT     0     0     5.8015
  SAT     0     1     6.1055
  SAT     1     4     5.8988
  SAT     0     0     5.8200
  SAT     1     6     6.0452
  SAT     0     1     5.8008
  SAT     0     1     5.7577
  SAT     0     3     6.0894
  SAT     1     3     6.0484
  SAT     1     6     6.0214
  SAT     1     3     6.2393
  SAT     1     3     5.8125
  SAT     3     5     6.0109
  SAT     1     3     5.8451
  SAT     0     1     6.1704
  SAT     0     1     5.7943
  SAT     4     8     5.9802
  SAT     1     2     5.8013
  SAT     1     5     6.0471
  SAT     1     4     6.0015
  SAT     1     4     6.2562
  SAT     0     2     5.7769
  SAT     0     2     5.9599
  SAT     2     6     6.0434
  SAT     0     1     5.7147
  SAT     1     5     6.3392
  SAT     0     2     5.8147
  SAT     0     0     5.7922
  SAT     4     9     6.1157
  SAT     6     8     6.2987
  SAT     3     8     6.2172
  SAT     0     5     5.8498
  SAT     0     1     6.0201
  SAT     0     2     5.9742
  SAT     0     1     5.7853
  SAT     1     6     5.8900
  SAT     4     9     6.3699
  SAT     0     2     5.8535
  SAT     0     2     5.9045
  SAT     8    10     6.5732
  SAT     0     1     5.8680
  SAT     0     3     5.8052
  SAT     0     4     5.8859
  SAT     0     2     5.7829
  SAT     3     7     6.0616
  SAT     1     3     6.0865
  SAT     0     3     5.7138
  SAT     1     4     5.9150
  SAT     0     0     6.0276
  SAT     1     3     5.9564
  SAT     0     1     5.9100
  SAT     1     3     5.8984
  SAT    12    15     6.4603
  SAT     0     3     5.9175
  SAT     2     4     5.9492
  SAT     0     3     6.1085
  SAT     0     2     5.8487
  SAT     2     3     5.8568
  SAT     2     4     6.1308
  SAT     7    11     6.0305
  SAT     2     6     5.9470
  SAT     3     7     6.0585
  SAT     0     3     6.2050
  SAT     1     4     5.8790
  SAT     0     2     5.8859
  SAT     1     4     6.1634
  SAT     0     3     5.6794
  SAT     3     6     6.3223
  SAT     0     3     5.7761
  SAT     0     1     5.7413
  SAT     0     1     5.9981
  SAT     0     1     5.7725
  SAT     0     0     5.9176
  SAT     0     2     5.6896
  SAT     0     3     6.0556
  SAT     0     3     6.1383
  SAT     4     9     5.8301
  SAT     2     4     5.9498
  SAT     7    11     6.1534
  SAT     0     2     6.0267
  SAT     1     3     5.7809
  SAT     0     0     5.7613
  SAT     1     5     5.9593
  SAT     0     1     5.7240
  SAT     5     8     6.3531
  SAT     4     9     5.9698
  SAT     4     6     6.0149
  SAT     0     3     6.0587
  SAT     0     1     5.8590
  SAT     0     3     5.8871
  SAT     0     1     5.9329
