  SAT     0     2     6.4178
  SAT     0     1     6.2534
  SAT     0     1     5.7087
  SAT     0     2     6.0740
  SAT     0     1     5.8841
  SAT     0     1     5.9502
  SAT     2    12     6.1205
  SAT     0     6     5.9574
  SAT     0     3     5.8981
  SAT     0     6     5.9685
  SAT     0     2     5.8136
  SAT     0     2     6.1004
  SAT     1     5     5.9440
  SAT     0     9     5.9315
  SAT     0     1     5.7221
  SAT     1    12     6.4326
  SAT     0     6     5.9023
  SAT     0     2     5.7818
  SAT     0     2     5.9389
  SAT     1     7     6.0991
  SAT     1     7     5.8713
  SAT     0     1     5.8377
  SAT     0     5     5.9658
  SAT     0     6     6.1169
  SAT     0     3     5.8328
  SAT     0     2     5.7639
  SAT     0     4     5.9898
  SAT     0     1     5.9603
  SAT     0     0     5.9573
  SAT     0     2     5.7236
  SAT     3     9     6.0118
  SAT     0     3     5.9546
  SAT     0     1     6.0126
  SAT     0     6     5.9855
  SAT     0     9     5.8905
  SAT     0     7     6.0296
  SAT     0     2     5.8688
  SAT     0     4     6.1598
  SAT     0     8     5.8738
  SAT     0     5     5.9167
  SAT     0     4     6.0289
  SAT     0     0     5.8479
  SAT     0     8     6.1807
  SAT     0     2     5.7892
  SAT     0     9     6.2005
  SAT     0     8     5.8031
  SAT     0     1     6.0507
  SAT     0     3     5.6521
  SAT     0     5     6.0745
  SAT     1     1     5.8531
  SAT     1     7     6.0895
  SAT     0     6     6.1586
  SAT     0     6     6.0339
  SAT     1     7     6.1424
  SAT     0     0     6.0770
  SAT     0     6     5.8720
  SAT     0     1     5.8048
  SAT     0     3     6.1517
  SAT     0     1     5.7126
  SAT     0     2     5.8847
  SAT     1     9     6.1482
  SAT     2     7     5.8200
  SAT     0     6     5.9904
  SAT     0     4     5.9122
  SAT     0     9     6.0283
  SAT     1     9     5.9000
  SAT     2    10     6.2823
  SAT     0     1     5.7404
  SAT     0     1     5.8059
  SAT     0     8     6.2751
  SAT     0     8     5.9853
  SAT     1     5     5.8910
  SAT     0     4     6.2483
  SAT     0     2     5.7957
  SAT     0     3     5.9089
  SAT     0     6     6.2454
  SAT     0     1     5.8886
  SAT     0     2     5.8673
  SAT     1     4     6.0378
  SAT     0     6     6.0920
  SAT     0     4     5.9091
  SAT     2     6     5.9808
  SAT     0     8     6.1582
  SAT     0     1     5.9431
  SAT     0     3     5.9426
  SAT     0     7     5.8639
  SAT     0     4     6.0352
  SAT     0     6     5.8586
  SAT     3    13     6.1228
  SAT     0     1     5.9291
  SAT     0     7     6.0653
  SAT     0     1     5.7456
  SAT     0     9     6.1887
  SAT     0     8     5.9369
  SAT     0     6     5.9256
  SAT     0     1     6.1560
  SAT     0     4     5.9489
  SAT     0     4     5.8011
  SAT     1     7     5.9772
  SAT     0     1     5.9150
  SAT     1     8     5.9710
  SAT     0     3     6.0402
  SAT     0     7     6.0102
  SAT     0     1     5.8396
  SAT     0     1     5.8724
  SAT     0     1     5.8499
  SAT     0     3     5.9309
  SAT     1     4     5.9852
  SAT     0     3     5.7595
  SAT     0    10     5.9934
  SAT     1     3     5.7709
  SAT     0     4     5.8045
  SAT     0     3     6.2432
  SAT     0     5     6.0380
  SAT     0     4     5.6794
  SAT     0     2     5.9575
  SAT     0     5     5.9893
  SAT     0     0     5.7534
  SAT     0     2     6.0330
  SAT     0     5     5.8232
  SAT     0     7     5.9025
  SAT     0    10     5.9521
  SAT     0     3     6.1562
  SAT     0     2     5.7372
  SAT     2     9     5.9935
  SAT     0     2     5.9339
  SAT     0     8     6.1835
  SAT     0     2     5.8179
  SAT     0     7     5.9718
  SAT     0     2     6.0458
  SAT     0     1     5.8251
  SAT     0     0     5.7864
  SAT     1     5     5.8683
  SAT     0     7     5.9167
  SAT     0     1     5.6201
  SAT     0     5     5.9688
  SAT     1     4     5.9665
  SAT     0     6     5.9919
  SAT     0     4     6.2413
  SAT     0     3     5.7786
  SAT     1     9     6.0004
  SAT     1     8     6.0115
  SAT     0     3     5.8463
  SAT     0     2     5.9410
  SAT     0     1     5.7836
  SAT     0     7     5.8221
  SAT     0     3     6.0347
  SAT     0     2     5.8784
  SAT     0     4     5.9291
  SAT     0     7     6.1039
  SAT     1     9     6.0982
  SAT     0     5     6.2297
  SAT     0     5     5.9572
  SAT    21    30     7.0968
  SAT     0     1     5.9106
  SAT     0     2     5.8221
  SAT     4    10     6.0385
  SAT     0     4     5.8056
  SAT     0     6     5.9573
  SAT     0     6     6.0740
  SAT     0     1     6.0267
  SAT     0     3     5.7964
  SAT     0     3     5.9414
  SAT     1     9     6.0602
  SAT     0     5     5.9301
  SAT     0     2     5.8992
  SAT     0     3     6.0601
  SAT     2     6     5.8467
  SAT     0     0     5.9254
  SAT     0     5     6.0321
  SAT     0     3     6.0645
  SAT     0     2     6.0388
  SAT     1     9     5.9868
  SAT     0     1     6.1142
  SAT     1     7     5.9447
  SAT     2     8     5.8458
  SAT     0     5     6.1775
  SAT     0     2     6.0170
  SAT     0     3     5.8298
  SAT     0     2     5.8439
  SAT     1     8     5.9150
  SAT     0     0     5.7888
  SAT     0     1     5.8659
  SAT     0     1     6.0623
  SAT     1     4     5.8939
  SAT     3     8     5.9781
  SAT     0     7     6.0317
  SAT     0     1     5.8621
  SAT     0     2     5.8428
  SAT     0     4     5.8702
  SAT     0    11     6.4425
  SAT     1     4     5.9435
  SAT     0     3     5.7587
  SAT     0     1     6.0107
  SAT     0     2     5.8694
  SAT     0     3     5.9445
  SAT     0     7     5.9739
  SAT     0     4     5.8284
  SAT     1     6     6.1362
  SAT     0     5     6.1316
  SAT     1     3     5.6990
  SAT     0     8     6.1444
  SAT     0     6     6.0382
  SAT     0     7     5.9572
  SAT     0     4     5.7393
  SAT     0     3     5.9187
  SAT     0     5     5.9455
  SAT     0     8     5.8823
  SAT     0    11     6.2524
  SAT     0     1     5.7991
  SAT     0     3     5.8201
  SAT     1    10     6.3005
  SAT     0     0     5.6701
  SAT     0     1     5.9180
  SAT     1    10     5.9917
  SAT     0     6     5.9473
  SAT     0    11     6.1788
  SAT     0     6     5.9324
  SAT     0     0     5.9346
  SAT     0     6     5.9310
  SAT     0     8     5.9445
  SAT     3    11     6.2572
  SAT     0     2     5.9248
  SAT     0     6     5.7805
  SAT     2    15     6.2403
  SAT     1     8     6.1667
  SAT     0     4     5.9215
  SAT     0     3     5.7781
  SAT     0     2     5.9141
  SAT     0     2     5.8998
  SAT     2     8     6.0651
  SAT     0     2     6.0147
  SAT     0     1     5.7429
  SAT     0     1     5.8477
  SAT     0     1     5.7766
  SAT     0     5     5.9806
  SAT     0     9     6.2198
  SAT     0     4     5.8022
  SAT     0    11     5.8331
  SAT     0     2     5.7719
  SAT     1     2     6.1144
  SAT     0     3     5.8884
  SAT     0     0     5.8245
  SAT     0     3     6.1233
  SAT     0     2     5.6986
  SAT     0     8     6.2206
  SAT     0    11     6.0255
  SAT     0     6     5.9907
  SAT     0     2     5.8502
  SAT     0     9     6.1897
  SAT     0    10     5.9079
  SAT     0     0     6.0051
  SAT     0     2     5.7453
  SAT     2     7     6.0528
  SAT     0     0     5.7966
  SAT     0     8     6.1655
  SAT     0     4     5.8871
  SAT     1     7     6.1434
  SAT     0     2     6.0009
  SAT     0     2     6.0667
  SAT     0     1     5.7522
  SAT     0     1     5.9422
  SAT     0     4     5.9179
  SAT     2    10     6.3312
  SAT     1     8     5.8331
  SAT     0     4     5.9467
  SAT     0     2     5.8782
  SAT     0     1     5.8022
  SAT     0     9     6.1816
  SAT     0     0     6.0071
  SAT     0     3     5.6932
  SAT     0     2     5.9887
  SAT     0     1     5.6820
  SAT     0     4     5.7050
  SAT     0     2     6.0715
  SAT     0     0     5.7498
  SAT     0     5     6.0766
  SAT     0     4     6.0107
  SAT     0     7     5.9867
  SAT     2    10     6.2957
  SAT     0     1     5.7081
  SAT     0     1     5.8437
  SAT     0     1     6.1678
  SAT     0    13     5.8589
  SAT     0     9     6.1692
  SAT     0     9     5.9073
  SAT     0     7     6.1041
  SAT     0     2     5.7686
  SAT     0     1     5.8331
  SAT     0     8     6.2795
  SAT     0     1     5.6453
  SAT     2    13     6.2083
  SAT     0     8     6.2524
  SAT     1     9     5.9541
  SAT     2     7     6.2719
  SAT     0     3     5.7421
  SAT     0     0     5.7295
  SAT     1     6     6.0586
  SAT     0     8     5.9503
  SAT     0     2     5.8016
  SAT     0     4     5.9532
  SAT     0     0     5.9717
  SAT     0     3     5.8641
  SAT     0     3     6.0775
  SAT     0     2     5.8539
  SAT     0     3     5.8070
  SAT     0     8     5.9332
  SAT     0     0     5.8369
  SAT     0     5     6.0084
  SAT     0     6     6.1336
  SAT     0     1     5.7479
  SAT     2     8     6.1321
  SAT     0     4     5.7500
  SAT     0     2     5.8440
  SAT     0    12     5.9152
  SAT     0     1     5.9096
  SAT     0     3     5.8323
  SAT     0     5     5.8462
  SAT     0     4     6.0943
  SAT     0     5     5.9811
  SAT     0     7     6.0037
  SAT     0     8     6.2007
  SAT     0     3     5.8129
  SAT     0     1     5.7008
  SAT     0     4     5.6874
  SAT     0     3     6.1481
  SAT     0     1     5.8244
  SAT     0     3     5.9960
  SAT     0     3     5.8227
  SAT     2     4     5.6909
  SAT     0     4     5.9989
  SAT     0     3     5.7883
  SAT     0     2     5.9061
  SAT     0    13     6.2380
  SAT     0     2     5.6847
  SAT     0     3     5.9287
  SAT     0     2     5.6440
  SAT     0     1     5.8338
  SAT     0     4     5.9280
  SAT     0     5     6.0272
  SAT     0     5     5.8787
  SAT     1     8     6.1854
  SAT     0     4     5.7903
  SAT     0     0     5.9224
  SAT     0     3     5.6384
  SAT     0     3     5.9188
  SAT    20    26     6.4118
  SAT     0     2     5.9402
  SAT     0     5     6.1468
  SAT     0     7     5.8449
  SAT     0     5     5.8613
  SAT     0     1     6.0122
  SAT     0     1     5.7040
  SAT     0     6     5.9297
  SAT     0     5     6.1703
  SAT     0     5     5.8816
  SAT     0     5     5.8350
  SAT     0     5     6.1072
  SAT     0     2     6.0291
  SAT     0     4     5.8408
  SAT     1     8     6.1126
  SAT     0     8     6.0073
  SAT     1     8     6.0371
  SAT     0     1     5.9779
  SAT     0     0     5.8553
  SAT     1     9     5.9423
  SAT     1     5     5.8571
  SAT     0     8     6.2530
  SAT     0     5     5.8049
  SAT     0     1     5.7991
  SAT     0     4     6.0348
  SAT     0     4     5.8730
  SAT     0     2     5.7029
  SAT     0     4     5.8690
  SAT     1     7     6.1795
  SAT     0     3     5.7711
  SAT     0     2     5.8197
  SAT     0     3     5.9184
  SAT     0     1     6.0641
  SAT     0     0     5.8276
  SAT     0    11     6.0830
  SAT     0     1     5.6888
  SAT     0     1     6.0642
  SAT     1    10     5.9963
  SAT     0     1     5.7055
  SAT     0     5     6.0916
  SAT     0     6     6.2165
  SAT     0     7     5.9768
  SAT     0     2     5.7234
  SAT     0     5     5.9299
  SAT     0     7     5.8916
  SAT     0     5     5.9051
  SAT     0     3     5.9682
  SAT     0     1     5.7892
  SAT     0     6     6.0291
  SAT     0     1     6.0221
  SAT     0     5     5.8377
  SAT     0     3     5.9282
  SAT     0     2     5.7533
  SAT     0     2     5.9360
  SAT     1     3     5.7593
  SAT     0     3     5.9123
  SAT     0     0     5.9991
  SAT     1     5     5.7536
  SAT     0     8     6.1046
  SAT     0     1     5.9450
  SAT     2     9     6.0766
  SAT     0     2     5.8407
  SAT     0     2     5.8871
  SAT     0     0     5.6838
  SAT     0     1     6.0664
  SAT     0     6     6.0357
  SAT     0     0     5.8421
  SAT     1     6     5.9738
  SAT     0     3     5.9124
  SAT     0     1     5.8921
  SAT     0     7     6.1129
  SAT     0     3     5.7695
  SAT     0     5     6.1237
  SAT     0     6     5.9774
  SAT     0     3     5.9498
  SAT     1     6     6.0044
  SAT     0     4     5.9486
  SAT     0     5     5.8000
  SAT     0     1     5.9601
  SAT     0     5     5.9587
  SAT     0     3     5.8444
  SAT     0     5     5.9489
  SAT     0     6     6.0610
  SAT     0     6     6.1785
  SAT     0     3     5.7970
  SAT     0     3     5.9747
  SAT     0     9     5.9561
  SAT     0     1     5.8055
  SAT     1     9     6.1177
  SAT     0     2     5.9531
  SAT     0     0     5.7438
  SAT     0     4     6.2428
  SAT     1     5     5.9604
  SAT     2    15     6.0928
  SAT     0     6     6.0364
  SAT     1     6     5.9306
  SAT     0     3     5.8937
  SAT     0     1     5.8655
  SAT     0    13     6.0942
  SAT     0     5     6.2281
  SAT     1     4     5.8740
  SAT     0     4     5.9579
  SAT     0     5     6.1951
  SAT     0     1     5.7945
  SAT     0     3     5.8392
  SAT     0     5     5.9718
  SAT     0     2     5.8836
  SAT     0     5     5.9107
  SAT     0     4     5.7497
  SAT     0     3     5.9273
  SAT     0     3     5.9763
  SAT     0     0     5.7675
  SAT     1     4     6.0807
  SAT     0     1     5.8356
  SAT     4    13     5.9301
  SAT     0     8     6.0624
  SAT     1     4     6.0028
  SAT     0     6     6.0183
  SAT     0     3     5.8542
  SAT     0     2     5.9225
  SAT     0     1     6.0077
  SAT     0    10     6.0225
  SAT     1     6     6.1545
  SAT     0     4     5.8106
  SAT     0     8     6.0001
  SAT     0     6     5.9191
  SAT     0     5     5.8445
  SAT     0     2     5.9084
  SAT     0     6     5.9624
  SAT     0     4     5.9377
  SAT     0     7     5.9999
  SAT     0     3     5.8880
  SAT     0     1     5.7459
  SAT     0     1     5.9577
  SAT     0     1     5.7888
  SAT     0     0     5.7842
  SAT     0     2     5.8230
  SAT     1    12     6.1127
  SAT     0     5     5.8116
  SAT     1    10     5.9632
  SAT     0     3     5.9687
  SAT     1    11     6.2627
  SAT     0     3     5.7393
  SAT     1     5     5.8389
  SAT     0     0     5.8824
  SAT     1     7     6.1278
  SAT     0     1     5.7199
  SAT     0     7     6.0964
  SAT     0     5     5.8737
  SAT     0     2     5.9100
  SAT     1     5     5.9607
  SAT     0     1     5.9504
  SAT     0     3     6.0974
  SAT     0     2     5.7200
