  SAT    23    39     8.5520
  SAT     0     3     7.9176
  SAT     0     1     7.4472
  SAT     0     2     7.5097
  SAT     0     1     7.6607
  SAT     0     1     7.7612
  SAT   147   221    12.6817
  SAT     8    40     7.9882
  SAT     0     8     7.6595
  SAT    25    55     8.3941
  SAT     8    21     7.7377
  SAT     6    24     7.8854
  SAT     0    30     7.6929
  SAT   652   702    41.8259
  SAT     0     1     7.4506
  SAT    54   115     9.9419
  SAT   150   219    14.0964
  SAT     0     2     7.7146
  SAT     3     9     7.4450
  SAT    31    73     8.8824
  SAT     8    35     7.9847
  SAT     0     2     7.8121
  SAT    18    50     7.9515
  SAT     0    47     7.9054
  SAT     4    17     7.8982
  SAT     0     9     7.5599
  SAT    10    62     7.8702
  SAT     0     1     7.7593
  SAT     0     0     7.3978
  SAT     0     6     7.5247
  SAT    16    61     8.5425
  SAT     0    15     7.6502
  SAT     0     1     7.4447
  SAT    23    49     8.5065
  SAT    59   120    10.0576
  SAT    24    74     8.5524
  SAT     0    14     7.6737
  SAT     0    49     7.8026
  SAT    67   121    10.3121
  SAT    10    30     7.8321
  SAT     5    33     8.1011
  SAT     0     0     7.4749
  SAT   127   186    11.6158
  SAT    15    43     8.0571
  SAT   160   218    15.2978
  SAT    17    34     8.1801
  SAT     0     1     7.7144
  SAT     0     3     7.6360
  SAT    11    35     7.8428
  SAT     3     3     7.6101
  SAT    74   117    10.3522
  SAT   202   250    15.1909
  SAT    11    61     8.3393
  SAT    20    66     8.4658
  SAT     0     0     7.5194
  SAT    16    31     7.9064
  SAT     0     1     7.7053
  SAT     3    11     7.6279
  SAT     0     1     7.6694
  SAT     0     7     7.5517
  SAT    20    57     8.3340
  SAT    37    59     8.8777
  SAT    19    30     7.7840
  SAT     0    15     7.7451
  SAT    19    78     8.4301
  SAT    20    63     8.3268
  SAT   132   181    12.1404
  SAT     0     2     7.6018
  SAT    11    21     7.5491
  SAT   117   160    10.9893
  SAT   341   401    21.4121
  SAT    42    82     9.3178
  SAT     0    15     8.0096
  SAT    11    33     7.7154
  SAT     0     5     7.6283
  SAT    20    71     8.4365
  SAT    18    39     8.0802
  SAT     7    21     7.7144
  SAT     8    15     7.6170
  SAT    53    97     9.4094
  SAT     9    45     8.0809
  SAT    11    38     7.6976
  SAT     9    51     8.1929
  SAT     0     2     7.4416
  SAT     4    11     7.8657
  SAT     0    28     7.5862
  SAT     0    15     7.9956
  SAT    14    45     7.8942
  SAT   390   430    24.1963
  SAT     0     1     7.6162
  SAT     0    39     7.8941
  SAT     0     2     7.4429
  SAT   107   147    11.4164
  SAT   103   160    12.2433
  SAT    10    27     7.7788
  SAT     0     2     7.7327
  SAT    30    58     8.4706
  SAT    12    40     7.8604
  SAT    21    50     8.1490
  SAT     0     1     7.7287
  SAT    71   131    10.1469
  SAT     0     5     7.5822
  SAT    16    82     8.4841
  SAT     0     4     7.6235
  SAT     0     1     7.5065
  SAT     0     1     7.6051
  SAT     0     5     7.6092
  SAT     0    14     7.3988
  SAT     0     7     7.5147
  SAT    60   122    10.1772
  SAT     2     7     7.7722
  SAT     0    32     7.5706
  SAT    37    70     8.6069
  SAT    13    62     7.8864
  SAT     0     8     7.5372
  SAT     0     2     7.6089
  SAT    25    95     8.9874
  SAT     0     0     7.5163
  SAT     0     8     7.4465
  SAT    16    36     7.8398
  SAT   179   230    13.4814
  SAT    40    99     9.0722
  SAT     0     3     7.6015
  SAT     0     2     7.4029
  SAT    18    51     8.0620
  SAT     3    21     7.5426
  SAT   266   332    19.9021
  SAT     0     4     7.6029
  SAT    26    49     8.3463
  SAT     0     7     7.5112
  SAT     0     1     7.7478
  SAT     0     0     7.3262
  SAT     4    18     7.7596
  SAT    10    36     8.0873
  SAT     0     2     7.4048
  SAT    14    36     8.1085
  SAT    13    58     7.9110
  SAT    20    57     8.4335
  SAT    35    53     8.1852
  SAT     4    23     7.7620
  SAT    24    78     8.7525
  SAT   103   152    11.4269
  SAT     0     7     7.6007
  SAT     9    19     7.7551
  SAT     0     2     7.6798
  SAT     3    39     7.5593
  SAT     0     3     7.4560
  SAT     4     7     7.9859
  SAT     0     8     7.2890
  SAT    67   122    10.2660
  SAT    28    53     8.2692
  SAT    12    28     8.2567
  SAT    48    79     8.9377
  SAT    58   120    10.3222
  SAT     0     4     7.7321
  SAT     0     7     7.4542
  SAT    10    27     8.0115
  SAT     0     5     7.4696
  SAT    18    62     8.3061
  SAT    37    86     8.7095
  SAT     0     1     7.5815
  SAT     0    20     7.4619
  SAT     1    19     7.7464
  SAT    20    58     8.2129
  SAT    15    50     7.9785
  SAT     3     7     7.6888
  SAT    70    96     9.2159
  SAT    12    25     7.7572
  SAT     0     0     7.4350
  SAT    12    47     7.9222
  SAT     2    19     7.9147
  SAT     0     2     7.9466
  SAT    12    81     8.1635
  SAT     0     1     7.5038
  SAT    46    87     8.6160
  SAT    13    28     7.7554
  SAT    25    71     8.6213
  SAT     0     5     7.6679
  SAT     8    24     7.6910
  SAT     0     2     7.5104
  SAT    15    41     8.0034
  SAT     0     0     7.5813
  SAT     0     2     7.4911
  SAT     0     1     7.7113
  SAT     0     8     7.5429
  SAT     4    20     8.0064
  SAT    21    68     8.1308
  SAT     0     1     7.6467
  SAT    10    24     7.7683
  SAT     0    10     7.2625
  SAT    64   147    10.2505
  SAT     0    32     7.7721
  SAT     0     7     7.6072
  SAT     0     2     7.7287
  SAT     8    11     7.5388
  SAT     0     7     7.3555
  SAT     9    42     8.0200
  SAT     2    12     7.4483
  SAT    18    46     8.1653
  SAT     0    63     7.6829
  SAT     7    13     7.7840
  SAT    45    92     9.0069
  SAT    21    48     8.2780
  SAT     9    43     7.7657
  SAT     0    18     7.5079
  SAT     4     9     7.4093
  SAT     9    26     7.6248
  SAT    35    76     8.4825
  SAT    99   152    12.6180
  SAT     0     1     7.5887
  SAT     5    13     7.6051
  SAT    40   101     9.6473
  SAT     0     0     7.5308
  SAT     0     2     7.5061
  SAT    77   134     9.7887
  SAT    40    69     9.8178
  SAT     1    66     7.9249
  SAT    16    50     8.3822
  SAT     0     0     7.3970
  SAT     5    36     7.8579
  SAT    53   108     9.4559
  SAT    52    81     9.1263
  SAT     2     7     7.7069
  SAT    12    33     7.9574
  SAT    51   132    10.0841
  SAT    49   109     9.0354
  SAT     0     8     7.7573
  SAT     6    14     7.4813
  SAT     0     9     7.5722
  SAT     0     7     7.6233
  SAT    43    90     8.8535
  SAT     0     2     7.5705
  SAT     0     1     7.5052
  SAT     4     7     7.4307
  SAT     0     2     7.3936
  SAT     6    26     7.7762
  SAT   125   186    12.3409
  SAT     5    19     7.4812
  SAT    37    79     8.8863
  SAT     2     5     7.4251
  SAT     3     4     7.5454
  SAT     8    32     7.9946
  SAT     0     0     7.3714
  SAT    14    42     8.1103
  SAT     0     3     7.5438
  SAT    11    41     7.9384
  SAT   330   407    22.9485
  SAT    20    65     8.2240
  SAT     3    11     7.7851
  SAT    40    76     9.0733
  SAT    23    93     8.7553
  SAT     0     0     7.4467
  SAT     0     8     7.5596
  SAT   101   134    10.4064
  SAT     0     0     7.6588
  SAT    37    86     8.8375
  SAT    12    31     7.9428
  SAT    23    59     8.5830
  SAT    17    29     8.0779
  SAT     0     3     7.3837
  SAT     0     1     7.6283
  SAT     0     4     7.8186
  SAT     0    16     7.6020
  SAT    60   116    10.0594
  SAT     5    61     7.8596
  SAT     0     9     7.6983
  SAT     0     2     7.7293
  SAT     0     2     7.4693
  SAT    55   104     9.4679
  SAT     0     0     7.7029
  SAT     0     7     7.4484
  SAT     0     4     7.6741
  SAT     0     1     7.3468
  SAT     0    18     7.4672
  SAT     0     6     7.8515
  SAT     0     0     7.4613
  SAT     5    30     7.8643
  SAT    55   101     9.2139
  SAT    86   154    10.8954
  SAT    19    78     8.2481
  SAT     0     5     7.5653
  SAT     0     1     7.5384
  SAT     0     1     7.9525
  SAT    18    58     8.0901
  SAT    45    94     9.3088
  SAT     9    69     8.1680
  SAT    54   106     9.6264
  SAT     0     2     7.6704
  SAT     0     1     7.5033
  SAT    26    57     8.5046
  SAT     0     1     7.7100
  SAT   303   384    20.0761
  SAT    49    78     8.8283
  SAT    36   115     9.2077
  SAT     0    27     7.7119
  SAT     5    17     7.7924
  SAT     0     0     7.4035
  SAT    10    39     7.9524
  SAT    65   106    10.0236
  SAT     3     8     7.5447
  SAT    21    50     8.0861
  SAT     0     0     7.4906
  SAT     0     7     7.8704
  SAT    14    35     7.7921
  SAT    24    46     8.3074
  SAT     0    24     7.6494
  SAT    57   117    10.2466
  SAT     0     0     7.5759
  SAT     9    35     7.7633
  SAT     1    40     7.6275
  SAT     0     1     7.6643
  SAT    74   102    10.1707
  SAT     0     6     7.3758
  SAT     0     2     7.7444
  SAT    80   134    10.8516
  SAT     0     1     7.5752
  SAT     0     4     7.5328
  SAT    19    57     8.3085
  SAT    59   112     9.9393
  SAT   299   349    20.8545
  SAT     0    54     7.8243
  SAT    32    55     8.4117
  SAT     3    21     7.5189
  SAT     0     1     7.4974
  SAT     7    23     7.7027
  SAT     6    26     7.5791
  SAT     0     2     7.6910
  SAT    13    34     7.9239
  SAT    18    39     8.1106
  SAT     0    15     7.4461
  SAT    19    50     7.9295
  SAT     0    29     7.6418
  SAT     0     5     7.5369
  SAT   141   202    12.7252
  SAT     2    15     7.4860
  SAT     5    33     7.9120
  SAT     0     3     7.3516
  SAT     0     3     7.6728
  SAT    19    47     8.2308
  SAT     2    23     7.9064
  SAT     1    44     7.9790
  SAT   441   492    29.5884
  SAT     0     7     7.5581
  SAT     0     0     7.5319
  SAT     2     5     7.5970
  SAT     0    10     7.6285
  SAT    52    72     9.7984
  SAT     0     9     7.4614
  SAT   106   124    10.7901
  SAT     0    28     7.8883
  SAT     8    16     7.6011
  SAT     0     5     7.6051
  SAT     0     2     7.4160
  SAT    13    44     7.8757
  SAT    11    27     7.8906
  SAT     0    19     7.7972
  SAT     0    14     7.7068
  SAT    12    25     8.0032
  SAT    14    48     7.9872
  SAT    12    30     8.0887
  SAT    10    56     7.8350
  SAT     8    38     8.0669
  SAT    59   111     9.4196
  SAT     0     2     7.4746
  SAT     0     0     7.5647
  SAT    68   115    10.1689
  SAT     0    21     7.8674
  SAT   148   212    13.9133
  SAT     3    14     7.8735
  SAT     0     2     7.4337
  SAT     2    11     7.6360
  SAT    26    65     8.5016
  SAT     0     3     7.4362
  SAT     0    12     7.4772
  SAT     0    38     7.7073
  SAT     0     4     7.7424
  SAT     5     9     7.5845
  SAT     0     4     7.6930
  SAT     6    10     7.3965
  SAT     0     0     7.6574
  SAT    16    62     8.2861
  SAT     0     1     7.3460
  SAT     0     7     7.6927
  SAT   101   145    10.4340
  SAT     0     1     7.4642
  SAT    14    35     7.7730
  SAT    10    44     8.2245
  SAT    78   120    10.6509
  SAT     7    16     7.5259
  SAT     3    14     7.5971
  SAT    25    64     8.5259
  SAT     0    10     7.5807
  SAT    15    41     8.1135
  SAT     0     5     7.5413
  SAT     6    38     7.7718
  SAT     7    13     7.5021
  SAT     6    20     7.8308
  SAT     0     3     7.6449
  SAT     0     5     7.4854
  SAT     0     6     7.4464
  SAT     1    10     7.7791
  SAT     1    15     7.9071
  SAT     0     0     7.4507
  SAT     2    15     7.4901
  SAT    18    71     8.3916
  SAT     0     1     7.8212
  SAT    14    44     7.8472
  SAT     2    10     7.6707
  SAT     6    37     8.0690
  SAT     0     0     7.6912
  SAT     0     2     7.5095
  SAT    15    51     8.1069
  SAT     0     0     7.4545
  SAT    59   109     9.9892
  SAT     0     8     7.4951
  SAT     0     1     7.4673
  SAT    57   110     9.7568
  SAT    12    19     7.6214
  SAT    93   136    10.7590
  SAT   263   326    18.5293
  SAT     0    14     7.9603
  SAT     0    18     7.7187
  SAT     0    11     7.4930
  SAT    10    21     7.7418
  SAT     2     5     7.5360
  SAT    31    52     8.4962
  SAT     0     8     7.8314
  SAT    13    50     7.7696
  SAT     0    34     7.8079
  SAT   179   223    13.2393
  SAT     2     6     7.6990
  SAT     0    15     7.5905
  SAT    17    49     8.2378
  SAT     0     1     7.5501
  SAT    12    63     8.1848
  SAT     0     2     7.4780
  SAT     0     0     7.5909
  SAT   266   297    16.8351
  SAT    22    41     8.1976
  SAT   696   759    34.7035
  SAT    12    40     8.0739
  SAT     0    16     7.8871
  SAT     0     6     7.4530
  SAT     0     2     7.6829
  SAT   131   209    12.5869
  SAT    24    59     8.4490
  SAT    15    36     8.0405
  SAT     1    20     7.5076
  SAT    54   100     9.5712
  SAT     0     1     7.7343
  SAT     0     3     7.5692
  SAT    15    29     8.0497
  SAT     0     2     7.4848
  SAT    41    90     9.2829
  SAT     1     9     7.7527
  SAT     0     9     7.6215
  SAT     3    46     7.8353
  SAT     0     0     7.3654
  SAT    28    65     8.3852
  SAT     0     1     7.6103
  SAT    66    97     9.8074
  SAT    69   113     9.9329
  SAT     6    20     7.7281
  SAT    19    52     8.0132
  SAT     8    18     7.7185
  SAT     0     2     7.7677
  SAT     3     8     7.6526
  SAT    17    62     7.9960
  SAT     9    49     7.9218
  SAT     1    19     7.6028
  SAT     0    32     7.7059
  SAT    22    56     8.6691
  SAT    21    61     8.2619
  SAT     0     2     7.5604
  SAT    22    53     8.5852
  SAT    18    39     7.8526
  SAT    33    73     8.3916
  SAT     8    26     7.8746
  SAT     0     1     7.4665
  SAT     0     1     7.5386
  SAT     0     1     7.4818
  SAT     0     0     7.6343
  SAT     0     4     7.3376
  SAT    73   150     9.9878
  SAT    10    27     8.0911
  SAT    36    78     8.4431
  SAT     0    10     7.7305
  SAT    30   102     8.5573
  SAT     0     4     7.5547
  SAT     4    26     7.8021
  SAT     0     0     7.5019
  SAT     7    21     7.7282
  SAT     0     1     7.4368
  SAT    30    73     8.6713
  SAT    46    79     9.2813
  SAT    13    25     7.8595
  SAT     2    11     7.7192
  SAT     0     3     7.7482
  SAT     0     3     7.6699
  SAT     0     3     7.7189
